1744333483314 0.5676018971193819 0
1744333706262 0.5840840320806759 1
1744333930420 0.641103805386011 2
1744334153434 0.6343042442415598 3
1744334377300 0.6752051059596311 4
1744334600367 0.6178453559761494 5
1744334823753 0.6461919616308114 6
1744335046622 0.6750811268504959 7
1744335270197 0.6542807157672058 8
1744335493339 0.7067063901981244 9
1744335716338 0.6807834551323775 10
1744335939908 0.6875260067465383 11
1744336163765 0.6864411586175604 12
1744336387060 0.7188479806143743 13
1744336609656 0.7283319476354875 14
1744336832170 0.7037983759530916 15
1744337055010 0.7187899619814094 16
1744337277094 0.6962831544452126 17
1744337499913 0.706171072206701 18
1744337722848 0.7300994022530564 19
1744337946199 0.7039962742259698 20
1744338169162 0.7143169867139005 21
1744338392395 0.7186210300371986 22
1744338616002 0.7382664721500286 23
1744338839648 0.7234743019334146 24
1744339062434 0.7283434932141265 25
1744339285306 0.7103251080149507 26
1744339507994 0.7471657589393336 27
1744339731623 0.7167490421315438 28
1744339955722 0.7296788222703523 29
1744340180407 0.7168599144662952 30
1744340404906 0.7019395277864726 31
1744340629258 0.7320823313548562 32
1744340853199 0.7354944670749691 33
1744341077787 0.7576600964385654 34
1744341301462 0.7416669941894476 35
1744341524616 0.7115559332104658 36
1744341748247 0.7349845091604017 37
1744341971463 0.7370480367345834 38
1744342194115 0.7362652607797684 39
1744342418129 0.7203582485429613 40
1744342641867 0.7143536576190707 41
1744342865260 0.7416439735231489 42
1744343087620 0.7389123463094418 43
1744343309071 0.7356164621988407 44
1744343531651 0.7407764977150937 45
1744343755303 0.723484381055039 46
1744343977719 0.7366986753785182 47
1744344199326 0.7418014010494518 48
1744344422330 0.7179237774471701 49
1744344644764 0.6752678072145797 50
1744344867507 0.752389844602303 51
1744345091025 0.7083849568589295 52
1744345313720 0.7284401169694145 53
1744345536666 0.7054540189658555 54
1744345759533 0.7429001938922025 55
1744345983342 0.7374901227593379 56
1744346205997 0.7433132800954574 57
1744346428082 0.7484782153522868 58
1744346650785 0.7318091004734469 59
1744346873280 0.749097114209423 60
1744347095516 0.7474358564712634 61
1744347318296 0.7345706870813677 62
1744347539819 0.7329190352761088 63
1744347760140 0.7126555878447514 64
1744347981793 0.7228309264879934 65
1744348203467 0.7349834577597539 66
1744348424451 0.705666276667158 67
1744348644910 0.7146553927390752 68
1744348865452 0.7369872435546441 69
1744349085756 0.6884226812001022 70
1744349306562 0.7113877885644204 71
1744349527460 0.72202220940492 72
1744349748990 0.7513441363113337 73
1744349970422 0.7311959027343381 74
1744350191756 0.7476706035412416 75
1744350411956 0.7354669505007628 76
1744350632730 0.7351042862798045 77
1744350854011 0.7152516877878141 78
1744351074377 0.753231375437275 79
1744351295549 0.7562161371049488 80
1744351516671 0.7416720074243702 81
1744351738682 0.7172410975420085 82
1744351960935 0.7593239282124858 83
1744352182690 0.723459570020143 84
1744352404046 0.7501883556465857 85
1744352626670 0.7539528512415462 86
1744352848283 0.7379617242964325 87
1744353070377 0.7527208102624695 88
1744353292562 0.7418131851851884 89
1744353514705 0.7283967370592996 90
1744353736317 0.745683110549376 91
1744353958247 0.7213993831073696 92
1744354179651 0.7468474382109842 93
1744354401378 0.7489292355536685 94
1744354623935 0.7149481101729778 95
1744354847493 0.725476582226309 96
1744355069367 0.72633299824433 97
1744355291327 0.7542355110145788 98
1744355512776 0.7285523497376056 99
1744355733569 0.6839734512096899 100
1744355954242 0.74242562877542 101
1744356175106 0.7437436620989937 102
1744356396764 0.7380906743307238 103
1744356617549 0.7270356219619387 104
1744356838947 0.7058955009871064 105
1744357060047 0.7491748946261713 106
1744357281575 0.740500480506968 107
1744357502521 0.7279967873055115 108
1744357724055 0.7359448858300827 109
1744357945128 0.7188777079099843 110
1744358166402 0.7485325643315756 111
1744358387484 0.7302021070231963 112
1744358608730 0.7418069236417495 113
1744358830592 0.7192547466497338 114
1744359051976 0.7001594860533416 115
1744359273969 0.7193479398130096 116
1744359495049 0.7193433855178539 117
1744359715746 0.6904794093673183 118
1744359935772 0.7594495115583426 119
1744360155766 0.717952612855524 120
1744360375546 0.7650013949424113 121
1744360595938 0.7168585667088988 122
1744360816450 0.7151812747040373 123
1744361036843 0.715981284443519 124
1744361257099 0.7459786396620275 125
1744361477065 0.731948298461742 126
1744361697720 0.7572452799106402 127
1744361918725 0.745911299058744 128
1744362139798 0.7161461796054408 129
1744362360223 0.7275010519124482 130
1744362580014 0.7324600487013175 131
1744362800549 0.7220785524269826 132
1744363020578 0.6916823578766337 133
1744363240757 0.7395323690448291 134
1744363462072 0.755106652653048 135
1744363682709 0.7551302051903751 136
1744363902110 0.7583613109484518 137
1744364121876 0.7171842142111983 138
1744364342617 0.7179928576010758 139
1744364562603 0.6909270862771764 140
1744364782995 0.7595866668170165 141
1744365004393 0.692157366258794 142
1744365224296 0.7256359036334278 143
1744365444709 0.7583643156809948 144
1744365665379 0.7452315563593542 145
1744365886822 0.751617854465415 146
1744366107326 0.7409840659714777 147
1744366328355 0.7421465765488245 148
1744366547678 0.7405981018503947 149
1744366768172 0.7449654369783171 150
1744366988725 0.7096820569720552 151
1744367209864 0.7066201596419599 152
1744367430232 0.7631056112819858 153
1744367651742 0.719640466441268 154
1744367872861 0.7564110080979448 155
1744368093830 0.7366527495608133 156
1744368315651 0.6936469141694819 157
1744368537520 0.7485232914000095 158
1744368758734 0.7381469972096489 159
1744368979971 0.6837963671038865 160
1744369201508 0.7345829287749058 161
1744369422805 0.7433083201562192 162
1744369644023 0.7017324031570304 163
1744369865066 0.7401798093174556 164
1744370086518 0.7500534202230306 165
1744370308284 0.7512639016601019 166
1744370530683 0.7423440615739674 167
1744370752279 0.7464230689961561 168
1744370973887 0.7171770710054589 169
1744371196031 0.7323904304852112 170
1744371417445 0.7347628674270661 171
1744371638780 0.7628215724584225 172
1744371860446 0.7568073497432102 173
1744372082009 0.7053805283169191 174
1744372305252 0.7351851794015478 175
1744372526857 0.7595360919956261 176
1744372748139 0.7235474017114025 177
1744372970197 0.7308655128043161 178
1744373192185 0.7280171156559787 179
1744373414276 0.7441605455964931 180
1744373636146 0.7278258259883151 181
1744373858307 0.7244080376297682 182
1744374080354 0.7597207581280209 183
1744374301932 0.7252128394863395 184
1744374524912 0.7582100376746501 185
1744374745977 0.7242590005560556 186
1744374967109 0.7538987536618597 187
1744375188363 0.7412244366439029 188
1744375409738 0.7265132769357902 189
1744375629971 0.7298437425874564 190
1744375851233 0.7522337813016949 191
1744376072141 0.7429969813493257 192
1744376293879 0.7499468969663805 193
