1744333483313 0.5676018971188517 0
1744333706260 0.5840840320803099 1
1744333930418 0.6411038053856579 2
1744334153432 0.6343042442411511 3
1744334377299 0.6752051059592793 4
1744334600365 0.6178453559757922 5
1744334823751 0.6461919616304308 6
1744335046620 0.6750811268500947 7
1744335270195 0.6542807157668317 8
1744335493337 0.706706390197762 9
1744335716336 0.68078345513202 10
1744335939907 0.6875260067461665 11
1744336163764 0.6864411586171848 12
1744336387059 0.7188479806140228 13
1744336609654 0.728331947635153 14
1744336832168 0.7037983759527406 15
1744337055008 0.7187899619810671 16
1744337277092 0.6962831544448481 17
1744337499911 0.706171072206326 18
1744337722846 0.7300994022527258 19
1744337946197 0.7039962742256171 20
1744338169159 0.7143169867135526 21
1744338392393 0.7186210300368401 22
1744338616000 0.7382664721497005 23
1744338839647 0.7234743019330472 24
1744339062433 0.7283434932137866 25
1744339285304 0.7103251080146099 26
1744339507992 0.7471657589389927 27
1744339731621 0.7167490421311767 28
1744339955720 0.7296788222700072 29
1744340180406 0.7168599144659672 30
1744340404904 0.7019395277861306 31
1744340629256 0.732082331354527 32
1744340853197 0.7354944670746386 33
1744341077786 0.7576600964382518 34
1744341301460 0.7416669941891354 35
1744341524615 0.7115559332101291 36
1744341748246 0.7349845091600962 37
1744341971461 0.737048036734259 38
1744342194114 0.7362652607794103 39
1744342418128 0.7203582485426189 40
1744342641866 0.714353657618735 41
1744342865258 0.7416439735228251 42
1744343087619 0.738912346309118 43
1744343309069 0.735616462198529 44
1744343531650 0.7407764977147764 45
1744343755301 0.7234843810546967 46
1744343977717 0.7366986753781616 47
1744344199325 0.7418014010491372 48
1744344422328 0.7179237774468453 49
1744344644762 0.6752678072142225 50
1744344867506 0.752389844602002 51
1744345091024 0.7083849568585872 52
1744345313719 0.7284401169690825 53
1744345536665 0.7054540189655198 54
1744345759531 0.7429001938918934 55
1744345983340 0.7374901227590276 56
1744346205995 0.743313280095142 57
1744346428081 0.7484782153519821 58
1744346650783 0.7318091004731329 59
1744346873279 0.7490971142091055 60
1744347095514 0.7474358564709513 61
1744347318295 0.7345706870810521 62
1744347539818 0.7329190352757889 63
1744347760139 0.71265558784442 64
1744347981792 0.7228309264876676 65
1744348203465 0.7349834577594468 66
1744348424450 0.7056662766668258 67
1744348644909 0.7146553927387633 68
1744348865451 0.7369872435543064 69
1744349085755 0.6884226811997292 70
1744349306561 0.7113877885640819 71
1744349527459 0.72202220940459 72
1744349748988 0.7513441363110337 73
1744349970421 0.7311959027340242 74
1744350191754 0.747670603540941 75
1744350411955 0.7354669505004479 76
1744350632728 0.7351042862794924 77
1744350854009 0.7152516877874935 78
1744351074376 0.7532313754369663 79
1744351295548 0.7562161371046514 80
1744351516669 0.7416720074240654 81
1744351738681 0.7172410975416825 82
1744351960934 0.7593239282121815 83
1744352182688 0.7234595700198184 84
1744352404044 0.7501883556462959 85
1744352626668 0.753952851241246 86
1744352848281 0.737961724296127 87
1744353070376 0.7527208102621649 88
1744353292560 0.7418131851848819 89
1744353514703 0.7283967370589877 90
1744353736316 0.7456831105490604 91
1744353958246 0.7213993831070425 92
1744354179650 0.7468474382106733 93
1744354401376 0.7489292355533671 94
1744354623933 0.7149481101726275 95
1744354847491 0.7254765822259788 96
1744355069365 0.7263329982439822 97
1744355291325 0.7542355110142829 98
1744355512775 0.7285523497372891 99
1744355733568 0.6839734512093526 100
1744355954240 0.742425628775106 101
1744356175104 0.7437436620986609 102
1744356396763 0.7380906743303959 103
1744356617548 0.7270356219616232 104
1744356838946 0.7058955009867737 105
1744357060046 0.7491748946258663 106
1744357281573 0.7405004805066422 107
1744357502520 0.7279967873051814 108
1744357724053 0.7359448858297535 109
1744357945127 0.7188777079096548 110
1744358166401 0.7485325643312702 111
1744358387482 0.7302021070228732 112
1744358608728 0.7418069236414244 113
1744358830591 0.7192547466493857 114
1744359051975 0.700159486052978 115
1744359273967 0.7193479398126802 116
1744359495048 0.7193433855175071 117
1744359715745 0.6904794093669067 118
1744359935771 0.7594495115580484 119
1744360155765 0.7179526128551558 120
1744360375544 0.765001394942115 121
1744360595937 0.7168585667085643 122
1744360816449 0.715181274703694 123
1744361036841 0.7159812844431833 124
1744361257097 0.7459786396617225 125
1744361477064 0.7319482984614203 126
1744361697718 0.7572452799103404 127
1744361918723 0.7459112990584335 128
1744362139797 0.7161461796051125 129
1744362360221 0.727501051912129 130
1744362580013 0.7324600487009996 131
1744362800547 0.7220785524266564 132
1744363020576 0.6916823578762861 133
1744363240755 0.7395323690445096 134
1744363462070 0.7551066526527427 135
1744363682707 0.7551302051900695 136
1744363902109 0.7583613109481548 137
1744364121875 0.7171842142108682 138
1744364342616 0.7179928576007443 139
1744364562602 0.6909270862767773 140
1744364782993 0.7595866668166994 141
1744365004392 0.6921573662583801 142
1744365224294 0.7256359036331009 143
1744365444708 0.7583643156806862 144
1744365665378 0.7452315563590404 145
1744365886821 0.751617854465118 146
1744366107325 0.7409840659711588 147
1744366328353 0.7421465765485081 148
1744366547677 0.7405981018500818 149
1744366768170 0.7449654369779986 150
1744366988724 0.7096820569716877 151
1744367209862 0.7066201596416302 152
1744367430230 0.7631056112816833 153
1744367651740 0.7196404664409232 154
1744367872860 0.7564110080976275 155
1744368093829 0.7366527495604848 156
1744368315650 0.6936469141691126 157
1744368537519 0.748523291399693 158
1744368758732 0.7381469972093128 159
1744368979970 0.6837963671034869 160
1744369201506 0.7345829287745848 161
1744369422803 0.7433083201558978 162
1744369644021 0.701732403156674 163
1744369865064 0.7401798093171438 164
1744370086516 0.7500534202227288 165
1744370308283 0.7512639016598024 166
1744370530681 0.7423440615736339 167
1744370752278 0.7464230689958513 168
1744370973886 0.7171770710051152 169
1744371196030 0.7323904304848976 170
1744371417443 0.7347628674267308 171
1744371638778 0.7628215724581279 172
1744371860445 0.7568073497429191 173
1744372082007 0.7053805283165587 174
1744372305250 0.7351851794012119 175
1744372526856 0.759536091995328 176
1744372748138 0.7235474017110749 177
1744372970196 0.730865512804001 178
1744373192184 0.728017115655648 179
1744373414275 0.7441605455961716 180
1744373636144 0.7278258259879764 181
1744373858305 0.7244080376294457 182
1744374080353 0.7597207581277177 183
1744374301930 0.7252128394860016 184
1744374524911 0.7582100376743426 185
1744374745975 0.7242590005557169 186
1744374967108 0.7538987536615467 187
1744375188361 0.741224436643593 188
1744375409736 0.7265132769354521 189
1744375629970 0.7298437425871446 190
1744375851232 0.7522337813013891 191
1744376072139 0.7429969813490095 192
1744376293878 0.7499468969660694 193
