1744333483314 0.3992654939485511 0
1744333706261 0.41438384146154583 1
1744333930419 0.4740900864097477 2
1744334153433 0.4667055687463403 3
1744334377300 0.5122207529128949 4
1744334600366 0.4490603841596176 5
1744334823752 0.47967270361877 6
1744335046621 0.5129251606419956 7
1744335270196 0.48839101028519183 8
1744335493338 0.549075882097092 9
1744335716337 0.5185148080240927 10
1744335939908 0.5267372003263676 11
1744336163765 0.5253273877885392 12
1744336387060 0.5638505814219961 13
1744336609655 0.5755604068224232 14
1744336832169 0.5453986118061936 15
1744337055009 0.5638175266325528 16
1744337277093 0.537052758017227 17
1744337499912 0.5489503808505067 18
1744337722847 0.5781070667345208 19
1744337946198 0.5463382273719556 20
1744338169161 0.5587645532968584 21
1744338392394 0.5641292187512801 22
1744338616001 0.5885647252230496 23
1744338839648 0.5699651682616673 24
1744339062434 0.576514997870651 25
1744339285305 0.5537144120431531 26
1744339507993 0.5994996967473903 27
1744339731622 0.5626157743909305 28
1744339955721 0.5774814658741948 29
1744340180407 0.5613809634754816 30
1744340404905 0.5432308192525741 31
1744340629257 0.5802838239272592 32
1744340853198 0.5843496811364143 33
1744341077787 0.6129316502429456 34
1744341301461 0.5924658089316474 35
1744341524616 0.5550929274555778 36
1744341748247 0.5837196670003819 37
1744341971462 0.586484877129563 38
1744342194114 0.5862449382414009 39
1744342418129 0.5659211603634937 40
1744342641866 0.5584934197562728 41
1744342865259 0.5929580763908141 42
1744343087619 0.5888506338030084 43
1744343309071 0.5847358531200095 44
1744343531651 0.5912674233844889 45
1744343755302 0.570839185256271 46
1744343977718 0.5871649751829314 47
1744344199326 0.5924257857572288 48
1744344422329 0.5628670785084867 49
1744344644763 0.5122710058429378 50
1744344867507 0.6060420238969658 51
1744345091024 0.5510470772631756 52
1744345313720 0.5763629218234944 53
1744345536666 0.5480493167679981 54
1744345759532 0.5940130271559892 55
1744345983341 0.5867779207139595 56
1744346205996 0.5944486019298677 57
1744346428081 0.601231454880698 58
1744346650784 0.5802727401347482 59
1744346873279 0.6024913840722287 60
1744347095515 0.6001030441950067 61
1744347318296 0.5835212660090368 62
1744347539819 0.5813600590634403 63
1744347760140 0.5565892426176837 64
1744347981793 0.5693195224625764 65
1744348203466 0.5839449010437501 66
1744348424451 0.5480401805497648 67
1744348644910 0.5588123503022193 68
1744348865451 0.5873522221691662 69
1744349085755 0.528340559677423 70
1744349306562 0.5551213408370451 71
1744349527460 0.5683662595107696 72
1744349748989 0.6044763621653824 73
1744349970422 0.5793315901935426 74
1744350191755 0.5999182113332714 75
1744350411956 0.585019497705117 76
1744350632729 0.5840836001519724 77
1744350854010 0.5597804969854372 78
1744351074377 0.607913557541216 79
1744351295549 0.6107847836334404 80
1744351516670 0.592266101508866 81
1744351738682 0.5619483114322624 82
1744351960935 0.6148100325784357 83
1744352182689 0.5696670457843421 84
1744352404045 0.6029654735145635 85
1744352626669 0.608239460284236 86
1744352848282 0.5877175460850255 87
1744353070376 0.6063242994833592 88
1744353292561 0.5926043938112561 89
1744353514704 0.5758748265290687 90
1744353736316 0.5976468468653438 91
1744353958247 0.5672217954441718 92
1744354179651 0.5987270646117865 93
1744354401377 0.6017040437252401 94
1744354623934 0.5604561977328897 95
1744354847492 0.5729575952968394 96
1744355069366 0.5740036052672813 97
1744355291326 0.6082694049180598 98
1744355512776 0.5762279874563224 99
1744355733569 0.5230002945886202 100
1744355954241 0.5939743479512137 101
1744356175105 0.5956626750551074 102
1744356396763 0.5880533726808806 103
1744356617549 0.5742667561170343 104
1744356838947 0.5486106976806571 105
1744357060047 0.6022913547962444 106
1744357281574 0.5910955400215713 107
1744357502521 0.5756052000045453 108
1744357724054 0.5855627438001083 109
1744357945127 0.5637120005400805 110
1744358166402 0.6011785803394294 111
1744358387483 0.5782543970649796 112
1744358608729 0.5928359829612094 113
1744358830592 0.5651518357475772 114
1744359051976 0.5419906153211611 115
1744359273968 0.5653864401759372 116
1744359495049 0.5661221816690462 117
1744359715746 0.5315238096641739 118
1744359935772 0.6150878016495398 119
1744360155766 0.5636713588547702 120
1744360375545 0.6225622129535496 121
1744360595938 0.5618366087518085 122
1744360816450 0.5601366099206534 123
1744361036842 0.5613591515727258 124
1744361257098 0.5980412129338627 125
1744361477065 0.5807248190992332 126
1744361697719 0.6121941829022118 127
1744361918724 0.598335252953467 128
1744362139798 0.5610179384588798 129
1744362360222 0.5742382998866278 130
1744362580014 0.581241945492821 131
1744362800548 0.5680971920480357 132
1744363020577 0.532023990382028 133
1744363240756 0.5902240020782312 134
1744363462071 0.6098959754134775 135
1744363682708 0.6097150891389422 136
1744363902109 0.6138284242194278 137
1744364121876 0.5618042313464848 138
1744364342617 0.5633681025077946 139
1744364562603 0.5317707564545724 140
1744364782994 0.6153486885853812 141
1744365004393 0.5336594386677896 142
1744365224295 0.5724999068912404 143
1744365444709 0.6134392367524785 144
1744365665378 0.5964940477368227 145
1744365886822 0.6043713266330328 146
1744366107326 0.5917046373024598 147
1744366328354 0.5930152431074482 148
1744366547677 0.5910415955052101 149
1744366768171 0.5968585788521417 150
1744366988725 0.5543359130200461 151
1744367209863 0.5494668471882921 152
1744367430231 0.6201309221441708 153
1744367651741 0.5659939211862727 154
1744367872861 0.6118062231207684 155
1744368093830 0.5861829445166348 156
1744368315651 0.5348846347078361 157
1744368537520 0.6016940075362868 158
1744368758733 0.5892195255612745 159
1744368979970 0.5237093121535192 160
1744369201507 0.5840060251562523 161
1744369422804 0.5954686900837481 162
1744369644022 0.5437921397723614 163
1744369865065 0.590534501790312 164
1744370086517 0.6032170281994018 165
1744370308284 0.6043722013228675 166
1744370530682 0.5939974446019853 167
1744370752278 0.5982010028880924 168
1744370973887 0.5631537028114464 169
1744371196031 0.5809340073987077 170
1744371417444 0.5840046591151079 171
1744371638779 0.619463620148629 172
1744371860446 0.6115167547108517 173
1744372082008 0.5489386470836697 174
1744372305251 0.5853833050188962 175
1744372526857 0.6150914766969564 176
1744372748139 0.5704430309451475 177
1744372970197 0.5787825167746614 178
1744373192185 0.5755286530614828 179
1744373414276 0.595531342599523 180
1744373636145 0.5748724928937045 181
1744373858306 0.5710914100777298 182
1744374080353 0.6155048985919935 183
1744374301931 0.572664157624399 184
1744374524912 0.6134770478860498 185
1744374745976 0.5711513105985974 186
1744374967108 0.608274738161933 187
1744375188362 0.591996943908224 188
1744375409737 0.5736010315624814 189
1744375629971 0.577197636119431 190
1744375851233 0.6058176019553471 191
1744376072140 0.5942235267625022 192
1744376293879 0.6028329434220533 193
