1744336249371 0.32694807813243043 0
1744336497269 0.47522779243920754 1
1744336744629 0.4863810182055752 2
1744336992450 0.5051060055743062 3
1744337240579 0.531768338920053 4
1744337489150 0.5358943071443416 5
1744337737164 0.5513663295466564 6
1744337984708 0.5389225769392866 7
1744338232260 0.543758997515758 8
1744338480379 0.5655466820665666 9
1744338727851 0.5633728937392768 10
1744338975634 0.5626602906752936 11
1744339223247 0.5847584913811749 12
1744339470771 0.5863652823629665 13
1744339718771 0.5865534067570408 14
1744339966430 0.5688500911483116 15
1744340214750 0.5847348006004794 16
1744340462742 0.5707159288891311 17
1744340710678 0.579962256403126 18
1744340959030 0.5965754865195978 19
1744341207487 0.5984625699379676 20
1744341455901 0.5886607119295179 21
1744341704078 0.5980837292109211 22
1744341952681 0.6008956168931544 23
1744342200763 0.60069252443348 24
1744342448714 0.6137365825873697 25
1744342696798 0.5979089955561291 26
1744342944543 0.603797497821171 27
1744343191990 0.6011364769658752 28
1744343439725 0.6090556106020315 29
1744343687594 0.6046694184101947 30
1744343935258 0.612525855880293 31
1744344183229 0.6214402639412785 32
1744344431578 0.6168996312004249 33
1744344679770 0.6159270790831789 34
1744344927417 0.620083947084945 35
1744345175119 0.6188609151500337 36
1744345423372 0.6091605617080468 37
1744345671662 0.6056166999223307 38
1744345919405 0.6106858806501154 39
1744346167246 0.6136191262434867 40
1744346415539 0.6207862512955922 41
1744346664518 0.6112725366587299 42
1744346912389 0.6183709301981448 43
1744347160274 0.6146114777215377 44
1744347407796 0.617665961445454 45
1744347659147 0.6177111011920974 46
1744347909723 0.6262532859924341 47
1744348158827 0.6210912585814599 48
1744348407126 0.6256751721456079 49
1744348654719 0.626161813970485 50
1744348902918 0.6298784125922 51
1744349152105 0.6283163918931318 52
1744349400510 0.6255384812590329 53
1744349649061 0.6330031771167416 54
1744349897193 0.6251472628554791 55
1744350145427 0.6267255281272177 56
1744350393737 0.6262763606698093 57
1744350641927 0.6033560422192735 58
1744350890453 0.6265844077786173 59
1744351140481 0.6267847598375847 60
1744351391075 0.6257118676274402 61
1744351641574 0.6347153681688724 62
1744351892485 0.6332457562558242 63
1744352142894 0.6249087705870646 64
1744352393163 0.632259810201586 65
1744352643773 0.6323884747347934 66
1744352895039 0.6343077110378794 67
1744353146081 0.6287047611714024 68
1744353396631 0.6349102331674953 69
1744353646495 0.6352324038784611 70
1744353895845 0.6288303016350182 71
1744354145726 0.6277551769424848 72
1744354395637 0.6339088531685959 73
1744354645272 0.6254149623913722 74
1744354894758 0.6437539900317514 75
1744355144635 0.6326235982995759 76
1744355394172 0.6277965874364163 77
1744355643548 0.638433705912707 78
1744355892328 0.6274451837094247 79
1744356140143 0.626702169332314 80
1744356388743 0.6332195079723101 81
1744356636954 0.6328843228263582 82
1744356885310 0.6334005942385688 83
1744357133569 0.6202117459801576 84
1744357382079 0.6325810620838633 85
1744357630141 0.619938444930176 86
1744357880942 0.6384883511572699 87
1744358131941 0.6194904337331002 88
1744358382854 0.6191627175187577 89
1744358633477 0.6393476637767556 90
1744358883736 0.6364208868937367 91
1744359134213 0.6314348580519679 92
1744359385015 0.627390054380817 93
1744359636098 0.6362398682087246 94
1744359885844 0.6350819364650614 95
1744360136755 0.6357700681477907 96
1744360387534 0.6368534994812609 97
1744360637817 0.6300934666075135 98
1744360888670 0.6297990480288265 99
1744361140914 0.6412586882185031 100
1744361393808 0.6316012285109492 101
1744361647096 0.6388279010640285 102
1744361899708 0.6382265252687955 103
1744362153501 0.6361916193969407 104
1744362406464 0.6457198035027149 105
1744362659782 0.633467557490323 106
1744362912668 0.6426338023688778 107
1744363166140 0.6288132459352355 108
1744363419218 0.6416053819177386 109
1744363672976 0.6325620997612061 110
1744363925556 0.6381744021746323 111
1744364178667 0.63276164360399 112
1744364432001 0.6352097250173321 113
1744364685384 0.6418020526758468 114
1744364939372 0.6299583828240795 115
1744365191906 0.6358698509418261 116
1744365444007 0.6407214598986312 117
1744365696406 0.6374542370891243 118
1744365948817 0.6374722347067886 119
1744366200922 0.6361180644424291 120
1744366454150 0.6359804342919771 121
1744366706980 0.6421798631602152 122
1744366959747 0.6428499881527617 123
1744367212662 0.6280425020326216 124
1744367464523 0.6395947233191127 125
1744367717526 0.6228047218807709 126
1744367970617 0.6301999733020561 127
1744368223028 0.6379530517847808 128
1744368477379 0.6307260860505952 129
1744368730645 0.6423657876147867 130
1744368984472 0.6391326704691357 131
1744369238187 0.6315336030320254 132
1744369492087 0.6442984243857011 133
1744369746360 0.6454516472744061 134
1744370000651 0.639812776280507 135
1744370254098 0.6424520001072959 136
1744370507622 0.6456904831635494 137
1744370761201 0.6343149131477247 138
1744371013880 0.636080590874624 139
1744371267593 0.6448043217765247 140
1744371520404 0.6364407543636966 141
1744371774164 0.6361682296602887 142
1744372028127 0.639262732721102 143
1744372281621 0.6405509005539368 144
1744372535132 0.6484050965464802 145
1744372788128 0.6421338871625604 146
1744373041281 0.6383212192357919 147
1744373295110 0.6412192438441683 148
1744373548536 0.6382097680904808 149
1744373801891 0.6427175551021703 150
1744374055700 0.6294986007369292 151
1744374307715 0.6391019560598121 152
1744374558626 0.6410792632798301 153
1744374809572 0.6407341719269936 154
1744375061044 0.6446261702112435 155
1744375312235 0.6458867754267993 156
1744375563909 0.6267737842021436 157
1744375815317 0.6445692870142478 158
1744376066393 0.6427521330807913 159
1744376316374 0.6293601732577689 160
1744376566668 0.6379347080660636 161
1744376816120 0.644503974703096 162
1744377066847 0.6410101254500511 163
1744377318180 0.643581807440532 164
1744377569336 0.6460381854556714 165
1744377819919 0.6447512619031582 166
1744378071173 0.6370947933208003 167
1744378322206 0.6405015453138163 168
1744378572629 0.6401532567802536 169
1744378823285 0.6349324862151505 170
