1744336249372 0.4892078991282915 0
1744336497270 0.641470860559791 1
1744336744630 0.6518087697540628 2
1744336992450 0.6683643700513393 3
1744337240580 0.6911471034621262 4
1744337489150 0.6947910745986805 5
1744337737164 0.7077102147794728 6
1744337984709 0.6974323290159117 7
1744338232261 0.7008379502876808 8
1744338480380 0.7198579060593556 9
1744338727851 0.7178119658828153 10
1744338975635 0.7172536597089014 11
1744339223248 0.7355968185159361 12
1744339470771 0.7369388714880485 13
1744339718772 0.736735250418143 14
1744339966431 0.721928398815799 15
1744340214750 0.7353382782755324 16
1744340462743 0.7232211107813636 17
1744340710679 0.7316228699143354 18
1744340959031 0.7447118150131655 19
1744341207488 0.7462625424080439 20
1744341455901 0.7386427978704948 21
1744341704079 0.745506514231316 22
1744341952682 0.7479411503291681 23
1744342200763 0.7480540403549398 24
1744342448715 0.7583844868062201 25
1744342696798 0.7459510023302625 26
1744342944543 0.7503599515077154 27
1744343191991 0.7481969844957521 28
1744343439726 0.7544027096031388 29
1744343687595 0.7513833054449662 30
1744343935258 0.7573177054955367 31
1744344183230 0.7642095542464256 32
1744344431578 0.760290611292355 33
1744344679771 0.7598834832108081 34
1744344927417 0.7627622674953564 35
1744345175120 0.7622210639453396 36
1744345423373 0.7541826281033288 37
1744345671662 0.7519034506026168 38
1744345919406 0.7555866320694195 39
1744346167247 0.7578616829469469 40
1744346415540 0.763521483614513 41
1744346664519 0.7559666174628421 42
1744346912390 0.761564499117475 43
1744347160274 0.7585149799209487 44
1744347407796 0.7614751573813205 45
1744347659148 0.7613907682073422 46
1744347909724 0.768018136198857 47
1744348158828 0.7639776271562474 48
1744348407126 0.7674841301685927 49
1744348654719 0.767813051281138 50
1744348902918 0.770749289931923 51
1744349152106 0.7696268601262591 52
1744349400511 0.7675019622854835 53
1744349649062 0.7733390374586149 54
1744349897193 0.7670786897369309 55
1744350145428 0.7681305247166597 56
1744350393737 0.7679458498699684 57
1744350641928 0.7494228976374717 58
1744350890454 0.7678748530637772 59
1744351140482 0.7681819433676437 60
1744351391075 0.7674999000649599 61
1744351641575 0.774468840635526 62
1744351892486 0.7734497370022042 63
1744352142895 0.7670639578917816 64
1744352393164 0.7723894231423895 65
1744352643773 0.7726588290777309 66
1744352895040 0.774294921421005 67
1744353146081 0.7699503209733171 68
1744353396631 0.7745296450201385 69
1744353646495 0.7747736852256792 70
1744353895846 0.7698756521075564 71
1744354145726 0.7690574807070587 72
1744354395638 0.7738708129017905 73
1744354645272 0.7674334321840233 74
1744354894759 0.7815420840169695 75
1744355144636 0.7729396954435392 76
1744355394173 0.7691340576432871 77
1744355643549 0.7774901275648557 78
1744355892328 0.7688114111213529 79
1744356140143 0.7682283759235218 80
1744356388744 0.7729594197894905 81
1744356636955 0.7728904982018427 82
1744356885310 0.7733582362061711 83
1744357133570 0.7630075636903138 84
1744357382080 0.7728485414576859 85
1744357630142 0.7624363005788517 86
1744357880943 0.777318639029028 87
1744358131942 0.7623421077268625 88
1744358382854 0.7625333353528412 89
1744358633477 0.7781341067614663 90
1744358883737 0.7757654739810483 91
1744359134214 0.77195870359713 92
1744359385016 0.7688346393906578 93
1744359636098 0.7754897602795939 94
1744359885845 0.7749643584223616 95
1744360136756 0.7751976976295105 96
1744360387535 0.7759701167043002 97
1744360637818 0.7707257400855626 98
1744360888670 0.7708593354442302 99
1744361140914 0.7795642634504374 100
1744361393809 0.7716915345398081 101
1744361647096 0.7775868071545823 102
1744361899709 0.7770116920769256 103
1744362153501 0.7753118743376588 104
1744362406464 0.7828691144860358 105
1744362659782 0.772978969153607 106
1744362912669 0.78034859235395 107
1744363166141 0.7699171350045126 108
1744363419219 0.7795682687349286 109
1744363672977 0.7724002792185781 110
1744363925556 0.7769472029884047 111
1744364178668 0.7729159125215914 112
1744364432002 0.7751511481341369 113
1744364685385 0.77999815309152 114
1744364939372 0.7710023658542484 115
1744365191906 0.7752363426242623 116
1744365444008 0.7791461430173667 117
1744365696406 0.7766120587411206 118
1744365948818 0.776237261572236 119
1744366200923 0.7756101804831043 120
1744366454150 0.7750468101222849 121
1744366706981 0.7802179728484536 122
1744366959747 0.7804620508629949 123
1744367212663 0.7692467796094364 124
1744367464524 0.777996450411092 125
1744367717527 0.7651556988260735 126
1744367970618 0.7708865155708419 127
1744368223029 0.7769981670077456 128
1744368477379 0.771095327882027 129
1744368730645 0.780018021969323 130
1744368984472 0.7780266580027201 131
1744369238187 0.7716789837583872 132
1744369492088 0.781547163653295 133
1744369746360 0.782591423229448 134
1744370000651 0.7780508673085141 135
1744370254099 0.7803101246798883 136
1744370507622 0.7827373193367059 137
1744370761202 0.7740401130481483 138
1744371013881 0.775172573347771 139
1744371267593 0.7820450200437173 140
1744371520404 0.7757080293405666 141
1744371774164 0.7755356507511851 142
1744372028127 0.7777184251677872 143
1744372281621 0.7788576293013715 144
1744372535132 0.7846868131852431 145
1744372788129 0.7798985536926779 146
1744373041282 0.7772708963686463 147
1744373295110 0.7792862975908281 148
1744373548536 0.7772929387701258 149
1744373801892 0.7806340156155744 150
1744374055700 0.7704654623557459 151
1744374307716 0.7777485555135242 152
1744374558627 0.7792299438543558 153
1744374809573 0.7789596780345539 154
1744375061045 0.7818854211396286 155
1744375312235 0.78302297248956 156
1744375563909 0.7682768289833097 157
1744375815318 0.7817362618396296 158
1744376066394 0.7805592884288195 159
1744376316374 0.77004454645509 160
1744376566669 0.7767159316425771 161
1744376816120 0.7820787925191469 162
1744377066848 0.7788849764635017 163
1744377318181 0.7810356137293553 164
1744377569337 0.7829391201040946 165
1744377819920 0.7819489331348699 166
1744378071174 0.7763121336674143 167
1744378322207 0.7790597122041458 168
1744378572630 0.7786016301308081 169
1744378823285 0.7744830017849558 170
