1744336249370 0.48920789912787727 0
1744336497268 0.6414708605593603 1
1744336744628 0.6518087697536561 2
1744336992449 0.6683643700509202 3
1744337240578 0.6911471034617017 4
1744337489149 0.694791074598254 5
1744337737163 0.7077102147790754 6
1744337984708 0.6974323290154723 7
1744338232259 0.7008379502872596 8
1744338480378 0.7198579060589751 9
1744338727850 0.7178119658824209 10
1744338975633 0.717253659708531 11
1744339223246 0.7355968185155882 12
1744339470770 0.7369388714876968 13
1744339718770 0.7367352504177858 14
1744339966429 0.7219283988154008 15
1744340214749 0.7353382782751623 16
1744340462741 0.7232211107809635 17
1744340710677 0.731622869913994 18
1744340959029 0.7447118150128125 19
1744341207486 0.746262542407704 20
1744341455900 0.7386427978701634 21
1744341704078 0.7455065142309489 22
1744341952680 0.747941150328834 23
1744342200762 0.7480540403546011 24
1744342448713 0.7583844868058963 25
1744342696797 0.7459510023299128 26
1744342944542 0.7503599515073843 27
1744343191990 0.7481969844954139 28
1744343439724 0.7544027096028004 29
1744343687593 0.7513833054446454 30
1744343935257 0.7573177054952113 31
1744344183228 0.7642095542461094 32
1744344431577 0.7602906112920358 33
1744344679769 0.7598834832104784 34
1744344927416 0.7627622674950306 35
1744345175118 0.7622210639450173 36
1744345423371 0.7541826281029818 37
1744345671661 0.7519034506022814 38
1744345919405 0.755586632069082 39
1744346167246 0.7578616829466052 40
1744346415538 0.7635214836141858 41
1744346664517 0.755966617462498 42
1744346912389 0.7615644991171406 43
1744347160273 0.7585149799206047 44
1744347407795 0.7614751573810077 45
1744347659146 0.7613907682070178 46
1744347909722 0.7680181361985505 47
1744348158826 0.7639776271559211 48
1744348407125 0.7674841301682921 49
1744348654718 0.7678130512808127 50
1744348902917 0.7707492899316132 51
1744349152104 0.7696268601259528 52
1744349400509 0.7675019622851653 53
1744349649060 0.773339037458303 54
1744349897192 0.7670786897366257 55
1744350145426 0.7681305247163307 56
1744350393736 0.767945849869668 57
1744350641926 0.7494228976370987 58
1744350890452 0.7678748530634479 59
1744351140480 0.7681819433673225 60
1744351391074 0.7674999000646444 61
1744351641573 0.7744688406352214 62
1744351892484 0.7734497370018955 63
1744352142893 0.7670639578914646 64
1744352393162 0.7723894231420707 65
1744352643772 0.7726588290774281 66
1744352895038 0.7742949214206988 67
1744353146080 0.7699503209730031 68
1744353396630 0.774529645019831 69
1744353646494 0.7747736852253753 70
1744353895844 0.7698756521072389 71
1744354145725 0.7690574807067492 72
1744354395636 0.773870812901501 73
1744354645271 0.7674334321837023 74
1744354894758 0.7815420840166786 75
1744355144634 0.772939695443221 76
1744355394171 0.7691340576429758 77
1744355643547 0.777490127564552 78
1744355892327 0.7688114111210334 79
1744356140142 0.7682283759231977 80
1744356388743 0.772959419789166 81
1744356636953 0.7728904982015221 82
1744356885309 0.7733582362058514 83
1744357133568 0.7630075636899665 84
1744357382078 0.7728485414573705 85
1744357630140 0.7624363005785014 86
1744357880941 0.7773186390287274 87
1744358131940 0.7623421077265202 88
1744358382853 0.7625333353525195 89
1744358633476 0.7781341067611652 90
1744358883736 0.7757654739807363 91
1744359134212 0.7719587035968124 92
1744359385014 0.7688346393903466 93
1744359636097 0.775489760279281 94
1744359885843 0.7749643584220578 95
1744360136754 0.7751976976292041 96
1744360387533 0.7759701167039966 97
1744360637816 0.770725740085241 98
1744360888669 0.7708593354439104 99
1744361140913 0.7795642634501374 100
1744361393807 0.7716915345394874 101
1744361647095 0.7775868071542746 102
1744361899707 0.7770116920766259 103
1744362153500 0.7753118743373502 104
1744362406463 0.7828691144857431 105
1744362659781 0.7729789691532821 106
1744362912667 0.7803485923536522 107
1744363166139 0.7699171350041876 108
1744363419218 0.7795682687346295 109
1744363672975 0.7724002792182588 110
1744363925555 0.7769472029880969 111
1744364178666 0.7729159125212847 112
1744364432001 0.7751511481338311 113
1744364685383 0.7799981530912257 114
1744364939371 0.7710023658539313 115
1744365191905 0.775236342623956 116
1744365444006 0.7791461430170695 117
1744365696405 0.7766120587408142 118
1744365948817 0.7762372615719215 119
1744366200922 0.775610180482798 120
1744366454149 0.7750468101219746 121
1744366706979 0.7802179728481599 122
1744366959746 0.7804620508626934 123
1744367212661 0.7692467796091154 124
1744367464522 0.7779964504107879 125
1744367717525 0.7651556988257379 126
1744367970616 0.7708865155705176 127
1744368223027 0.7769981670074445 128
1744368477378 0.7710953278817037 129
1744368730644 0.7800180219690267 130
1744368984471 0.77802665800241 131
1744369238186 0.771678983758062 132
1744369492086 0.78154716365299 133
1744369746359 0.782591423229157 134
1744370000650 0.7780508673082085 135
1744370254097 0.7803101246795824 136
1744370507621 0.7827373193364144 137
1744370761200 0.7740401130478302 138
1744371013879 0.7751725733474598 139
1744371267592 0.7820450200434185 140
1744371520403 0.7757080293402602 141
1744371774162 0.7755356507508728 142
1744372028126 0.7777184251674731 143
1744372281620 0.778857629301072 144
1744372535131 0.7846868131849489 145
1744372788127 0.7798985536923726 146
1744373041280 0.7772708963683351 147
1744373295109 0.7792862975905246 148
1744373548535 0.777292938769824 149
1744373801891 0.7806340156152781 150
1744374055699 0.7704654623554298 151
1744374307714 0.7777485555132106 152
1744374558626 0.7792299438540496 153
1744374809571 0.7789596780342443 154
1744375061043 0.7818854211393258 155
1744375312234 0.7830229724892674 156
1744375563908 0.7682768289829818 157
1744375815316 0.7817362618393253 158
1744376066392 0.7805592884285093 159
1744376316373 0.7700445464547664 160
1744376566667 0.7767159316422765 161
1744376816119 0.7820787925188429 162
1744377066846 0.7788849764631925 163
1744377318179 0.7810356137290511 164
1744377569335 0.7829391201038072 165
1744377819918 0.7819489331345669 166
1744378071172 0.7763121336671054 167
1744378322206 0.7790597122038423 168
1744378572628 0.7786016301305 169
1744378823284 0.7744830017846367 170
