1744337681405 0.34299071805450493 0
1744337742970 0.5404579434880022 1
1744337802619 0.5744841163471389 2
1744337861937 0.5998644987033861 3
1744337921334 0.5892206725636728 4
1744337982778 0.5345193411799357 5
1744338042169 0.566409821209921 6
1744338101374 0.6388431801282027 7
1744338162046 0.6066703437902305 8
1744338221111 0.6403097783161703 9
1744338280428 0.599027176501438 10
1744338339701 0.6214677944257045 11
1744338399057 0.601082431022765 12
1744338458650 0.6471365591238383 13
1744338518304 0.6410293751395805 14
1744338577852 0.6384421687012408 15
1744338637383 0.6614669509734851 16
1744338697541 0.6650707371811457 17
1744338757179 0.6256994395976277 18
1744338816592 0.6579317961053645 19
1744338876991 0.6665617565828693 20
1744338936672 0.6506987491279731 21
1744338996770 0.6548382610357044 22
1744339056470 0.6653271637271735 23
1744339116132 0.6706348934920422 24
1744339175316 0.678148612817232 25
1744339234826 0.6861740050603516 26
1744339294621 0.6927922363500764 27
1744339353909 0.6473584323206307 28
1744339413391 0.6744474463356556 29
1744339473021 0.6547436060917755 30
1744339532721 0.691731748889018 31
1744339592102 0.6904482970348808 32
1744339651929 0.6822092445359841 33
1744339711398 0.6702396615388801 34
1744339770897 0.6922487988730097 35
1744339830242 0.7022717099761868 36
1744339889755 0.677916684977336 37
1744339949016 0.691297723530715 38
1744340008506 0.6474922297632658 39
1744340067997 0.68529289725742 40
1744340127691 0.6823369096853138 41
1744340189444 0.69269138061891 42
1744340251044 0.6982099336963715 43
1744340311300 0.6905808042417372 44
1744340371995 0.69216523948911 45
1744340432310 0.6700142313641477 46
1744340493636 0.7030513755397041 47
1744340554603 0.7069352271684463 48
1744340613931 0.6985808243311765 49
1744340673679 0.7093607866437606 50
1744340734222 0.7019934426074615 51
1744340795292 0.7013862040280844 52
1744340855910 0.6694949069343937 53
1744340916611 0.7101687379523508 54
1744340976556 0.6964426829420979 55
1744341038383 0.7069508909077526 56
1744341097835 0.688946638779088 57
1744341158735 0.6782781090857942 58
1744341219678 0.6982421471099544 59
1744341280445 0.7013094488292182 60
1744341341192 0.700795464284357 61
1744341400582 0.6906108026635305 62
1744341461021 0.706093432373366 63
1744341520824 0.7042874991888795 64
1744341580923 0.7051450203836447 65
1744341643632 0.7046485349024116 66
1744341704885 0.7044168540867809 67
1744341764902 0.6892333420058844 68
1744341824566 0.7070815974900034 69
1744341884665 0.704743899826142 70
1744341947259 0.6957980438039151 71
1744342007614 0.7063601675596154 72
1744342068082 0.7079088473839702 73
1744342130385 0.7070882073102874 74
1744342191396 0.6878890638114424 75
1744342252777 0.690204561019219 76
1744342316624 0.7075506218571964 77
1744342380132 0.6768928675781694 78
1744342440409 0.7066153846498466 79
1744342499974 0.6742387802255538 80
1744342559816 0.697871369523453 81
1744342620660 0.7138350287329311 82
1744342680140 0.7015544307463136 83
1744342739638 0.7062896483363919 84
1744342801470 0.7079785517251492 85
1744342862396 0.7030880082590394 86
1744342922698 0.7087242958774769 87
1744342982056 0.719878833277333 88
1744343044262 0.6811131625551082 89
1744343105033 0.6971349457546508 90
1744343165843 0.7002310259801157 91
1744343225357 0.7099715688041182 92
1744343285111 0.6948480778216158 93
1744343344787 0.7099689825080409 94
1744343404397 0.71338274072694 95
1744343464098 0.7008578688871802 96
1744343523600 0.7050982288044086 97
1744343583183 0.7110119219768932 98
1744343642612 0.7102875659948922 99
1744343701865 0.7070628743680809 100
1744343761694 0.705129239495935 101
1744343821109 0.7124841068775324 102
1744343880158 0.7181358554471855 103
1744343939650 0.7145126238405471 104
1744343998805 0.71537701386908 105
1744344058382 0.7216559884508058 106
1744344117945 0.7176304097401147 107
1744344177973 0.7067249671042162 108
1744344237555 0.7102030281810762 109
1744344297081 0.7012908704118944 110
1744344356576 0.701806630000152 111
1744344416230 0.7095140467701508 112
1744344476145 0.705423447719524 113
1744344535450 0.6945956554739964 114
1744344594761 0.6857521186327308 115
1744344653895 0.7097611658776734 116
1744344713685 0.721996185241096 117
1744344773179 0.7083560140575355 118
1744344832742 0.719661614764767 119
1744344892147 0.7184503007789367 120
1744344951600 0.696946976960954 121
1744345011204 0.7113596687022976 122
1744345070848 0.7112340152778217 123
1744345130517 0.7048354889183515 124
1744345190000 0.7116151199281158 125
1744345249165 0.7206408447648008 126
1744345308717 0.7102022660212436 127
1744345367923 0.7132806530141466 128
1744345427125 0.7151113142197525 129
1744345486534 0.7156398316516791 130
1744345546030 0.6989880081987561 131
1744345605579 0.7176990364461858 132
1744345665223 0.7118912214946103 133
1744345725047 0.7154973350468522 134
1744345784317 0.7082604201562218 135
1744345843970 0.7191667007305443 136
1744345903378 0.703710292981263 137
1744345963066 0.7102463245745918 138
1744346023086 0.7126355975529021 139
