1744337681408 0.2073998569466757 0
1744337742975 0.3706818554530896 1
1744337802624 0.4035360239380297 2
1744337861941 0.42902968682320836 3
1744337921336 0.4183257189283719 4
1744337982782 0.36552775732129156 5
1744338042172 0.3957213966226523 6
1744338101377 0.4700769675849064 7
1744338162050 0.4359191650840084 8
1744338221114 0.4717333793772152 9
1744338280432 0.4282204740421013 10
1744338339706 0.4517329033196762 11
1744338399061 0.43051608724214246 12
1744338458653 0.4790348445232014 13
1744338518308 0.4724536287285642 14
1744338577855 0.46971162752351536 15
1744338637387 0.4949915343856207 16
1744338697546 0.4989541522411893 17
1744338757182 0.4563585776923663 18
1744338816595 0.4910962825006164 19
1744338876994 0.5007957073686282 20
1744338936677 0.48291507051738153 21
1744338996775 0.4876963088332436 22
1744339056473 0.49942951210130615 23
1744339116135 0.5053768182812882 24
1744339175320 0.5139843390366047 25
1744339234829 0.5234218618107298 26
1744339294626 0.5310638005089614 27
1744339353913 0.47960889462081674 28
1744339413394 0.5097066026538498 29
1744339473024 0.4876657119664581 30
1744339532723 0.529818732885313 31
1744339592106 0.5282771337448278 32
1744339651932 0.5186116422449909 33
1744339711400 0.5050284484230815 34
1744339770900 0.5304422673128704 35
1744339830245 0.5423062173200265 36
1744339889760 0.5138864228880368 37
1744339949019 0.5292863353747708 38
1744340008508 0.4797068054485494 39
1744340068001 0.522219576956861 40
1744340127694 0.5187948788620927 41
1744340189448 0.530882890914606 42
1744340251047 0.5374635962621367 43
1744340311303 0.5284096946628712 44
1744340371998 0.5302427060355487 45
1744340432314 0.5048554808195083 46
1744340493641 0.5431491891308378 47
1744340554608 0.5477385660820975 48
1744340613934 0.5378728472927184 49
1744340673682 0.5508678396674307 50
1744340734225 0.5417672338093859 51
1744340795296 0.5410865985249349 52
1744340855913 0.5041040124592026 53
1744340916614 0.5516960734371802 54
1744340976560 0.5351736666781264 55
1744341038387 0.5477711431796202 56
1744341097839 0.5265526926599112 57
1744341158739 0.5142392048323936 58
1744341219682 0.5374135980951841 59
1744341280449 0.541000284885595 60
1744341341197 0.540491264802872 61
1744341400585 0.5285771530842875 62
1744341461026 0.5467556259854192 63
1744341520827 0.5444025957662791 64
1744341580927 0.5455404950774033 65
1744341643636 0.5449681520712895 66
1744341704888 0.544765912255021 67
1744341764905 0.5268592997150158 68
1744341824569 0.5479386967446702 69
1744341884668 0.5451833695373125 70
1744341947263 0.5344853336433588 71
1744342007619 0.5471956962237716 72
1744342068086 0.5490337517233413 73
1744342130390 0.5482581725345068 74
1744342191399 0.5253159998900423 75
1744342252780 0.5281849552023464 76
1744342316628 0.5485530367337061 77
1744342380134 0.5125193631137082 78
1744342440412 0.5473509119126023 79
1744342499976 0.5096105464393191 80
1744342559819 0.5369788546584795 81
1744342620663 0.5560568889805221 82
1744342680145 0.5412209553534894 83
1744342739641 0.5469589814844985 84
1744342801473 0.5490633547865672 85
1744342862401 0.5432006933133005 86
1744342922702 0.5500261968487427 87
1744342982059 0.5634060181720156 88
1744343044265 0.5174188798125212 89
1744343105036 0.5360986246733541 90
1744343165846 0.5397284304152303 91
1744343225360 0.5514241347421305 92
1744343285116 0.5334375966016326 93
1744343344790 0.5513736807760421 94
1744343404401 0.5553735777533448 95
1744343464102 0.5404054037632624 96
1744343523603 0.5455867435260294 97
1744343583186 0.5527406129948358 98
1744343642614 0.5518305961179637 99
1744343701868 0.5477649182317522 100
1744343761699 0.5456711124645083 101
1744343821112 0.5544519504754287 102
1744343880161 0.5612467719951736 103
1744343939653 0.5569300335734431 104
1744343998808 0.557911863176656 105
1744344058385 0.5657819116436648 106
1744344117949 0.5608084781958244 107
1744344177977 0.5475742626038099 108
1744344237558 0.5516821391197368 109
1744344297084 0.5410194646383788 110
1744344356579 0.5417029965945441 111
1744344416233 0.5507857489384391 112
1744344476150 0.54600399170549 113
1744344535453 0.5331194521743073 114
1744344594765 0.5227109510439241 115
1744344653898 0.5510594952718643 116
1744344713688 0.5658858172070621 117
1744344773183 0.5494751172762884 118
1744344832745 0.5631668510906077 119
1744344892150 0.5616887954245577 120
1744344951603 0.5359233163680522 121
1744345011209 0.5529958131129472 122
1744345070853 0.5528353339437289 123
1744345130521 0.545123102493174 124
1744345190005 0.5533228989097964 125
1744345249168 0.5642976213225968 126
1744345308721 0.551702237705968 127
1744345367927 0.5553973453968907 128
1744345427128 0.5575728928466254 129
1744345486537 0.5581463373105692 130
1744345546033 0.5382228875867623 131
1744345605583 0.560548820540792 132
1744345665228 0.5536931088001785 133
1744345725050 0.5579545174620582 134
1744345784321 0.549226698822205 135
1744345843973 0.5625443633852815 136
1744345903383 0.5437467729094682 137
1744345963069 0.5516809731662914 138
1744346023088 0.5545819359710197 139
