1744337681410 0.34299071805463155 0
1744337742977 0.5404579434881481 1
1744337802628 0.5744841163473019 2
1744337861943 0.5998644987035335 3
1744337921338 0.5892206725638138 4
1744337982784 0.5345193411800894 5
1744338042174 0.5664098212100563 6
1744338101379 0.63884318012834 7
1744338162052 0.6066703437903632 8
1744338221116 0.6403097783163075 9
1744338280434 0.5990271765015716 10
1744338339710 0.6214677944258359 11
1744338399064 0.601082431022893 12
1744338458656 0.6471365591239683 13
1744338518310 0.6410293751397131 14
1744338577857 0.6384421687013692 15
1744338637388 0.6614669509736127 16
1744338697549 0.6650707371812921 17
1744338757184 0.6256994395977536 18
1744338816597 0.6579317961055012 19
1744338876996 0.666561756583002 20
1744338936680 0.6506987491281064 21
1744338996778 0.6548382610358309 22
1744339056475 0.6653271637273028 23
1744339116137 0.6706348934921672 24
1744339175322 0.6781486128173584 25
1744339234831 0.6861740050604951 26
1744339294629 0.6927922363502047 27
1744339353916 0.6473584323207541 28
1744339413396 0.674447446335788 29
1744339473026 0.6547436060919015 30
1744339532725 0.6917317488891515 31
1744339592109 0.6904482970350044 32
1744339651934 0.6822092445361133 33
1744339711402 0.6702396615390022 34
1744339770902 0.6922487988731338 35
1744339830247 0.7022717099763129 36
1744339889763 0.6779166849774688 37
1744339949021 0.6912977235308426 38
1744340008510 0.6474922297633897 39
1744340068003 0.6852928972575393 40
1744340127696 0.6823369096854366 41
1744340189452 0.6926913806190355 42
1744340251049 0.698209933696502 43
1744340311305 0.69058080424186 44
1744340372000 0.6921652394892317 45
1744340432315 0.6700142313642672 46
1744340493644 0.7030513755398253 47
1744340554611 0.7069352271685689 48
1744340613936 0.698580824331298 49
1744340673684 0.7093607866438847 50
1744340734227 0.7019934426075845 51
1744340795299 0.7013862040282044 52
1744340855915 0.6694949069345169 53
1744340916616 0.7101687379524768 54
1744340976561 0.6964426829422152 55
1744341038388 0.706950890907871 56
1744341097842 0.6889466387792128 57
1744341158741 0.6782781090859121 58
1744341219684 0.6982421471100765 59
1744341280451 0.7013094488293381 60
1744341341200 0.70079546428449 61
1744341400588 0.6906108026636484 62
1744341461029 0.7060934323734861 63
1744341520830 0.7042874991889965 64
1744341580929 0.7051450203837628 65
1744341643638 0.7046485349025343 66
1744341704890 0.7044168540869018 67
1744341764907 0.6892333420060075 68
1744341824571 0.7070815974901253 69
1744341884670 0.7047438998262616 70
1744341947266 0.6957980438040369 71
1744342007622 0.7063601675597337 72
1744342068088 0.7079088473840889 73
1744342130393 0.707088207310405 74
1744342191401 0.687889063811566 75
1744342252782 0.6902045610193395 76
1744342316632 0.7075506218573229 77
1744342380136 0.6768928675782911 78
1744342440413 0.7066153846499654 79
1744342499978 0.6742387802256694 80
1744342559821 0.6978713695235703 81
1744342620665 0.7138350287330449 82
1744342680149 0.7015544307464333 83
1744342739643 0.7062896483365096 84
1744342801475 0.7079785517252681 85
1744342862404 0.7030880082591653 86
1744342922705 0.7087242958775947 87
1744342982061 0.7198788332774493 88
1744343044266 0.681113162555226 89
1744343105038 0.6971349457547676 90
1744343165849 0.700231025980232 91
1744343225362 0.7099715688042378 92
1744343285118 0.694848077821732 93
1744343344792 0.7099689825081602 94
1744343404403 0.7133827407270548 95
1744343464104 0.7008578688873018 96
1744343523605 0.7050982288045325 97
1744343583188 0.7110119219770163 98
1744343642616 0.710287565995016 99
1744343701870 0.7070628743682009 100
1744343761701 0.7051292394960492 101
1744343821114 0.712484106877647 102
1744343880163 0.718135855447305 103
1744343939655 0.7145126238406646 104
1744343998809 0.7153770138691954 105
1744344058387 0.7216559884509255 106
1744344117951 0.7176304097402347 107
1744344177979 0.7067249671043321 108
1744344237560 0.7102030281811926 109
1744344297086 0.7012908704120131 110
1744344356581 0.701806630000268 111
1744344416234 0.7095140467702654 112
1744344476153 0.7054234477196389 113
1744344535455 0.694595655474111 114
1744344594767 0.685752118632851 115
1744344653899 0.7097611658777908 116
1744344713690 0.7219961852412107 117
1744344773187 0.7083560140576497 118
1744344832747 0.7196616147648808 119
1744344892152 0.718450300779051 120
1744344951604 0.696946976961068 121
1744345011213 0.7113596687024153 122
1744345070856 0.7112340152779408 123
1744345130523 0.7048354889184668 124
1744345190007 0.7116151199282309 125
1744345249169 0.720640844764917 126
1744345308723 0.710202266021364 127
1744345367930 0.7132806530142722 128
1744345427130 0.7151113142198668 129
1744345486538 0.7156398316517992 130
1744345546035 0.6989880081988776 131
1744345605585 0.717699036446303 132
1744345665230 0.7118912214947325 133
1744345725052 0.7154973350469712 134
1744345784322 0.708260420156341 135
1744345843975 0.7191667007306707 136
1744345903385 0.7037102929813774 137
1744345963071 0.7102463245747079 138
1744346023090 0.712635597553019 139
