1744316956126 0.0002373121186446564 0
1744317024594 0.1680694254021906 1
1744317093089 0.3647334530126814 2
1744317159794 0.4040966276531522 3
1744317227675 0.44405705170233933 4
1744317295981 0.4248239172373078 5
1744317364548 0.4812460050992099 6
1744317433063 0.4868144249234719 7
1744317501548 0.500548904555003 8
1744317569626 0.4796258635681429 9
1744317637178 0.5204407923209144 10
1744317704555 0.5060598994617851 11
1744317772471 0.5085125664365266 12
1744317840887 0.4958520485516137 13
1744317908204 0.5184931323876206 14
1744317974564 0.5402310568131126 15
1744318042624 0.5438217909073496 16
1744318109903 0.55261031315799 17
1744318175450 0.566883146832372 18
1744318240531 0.5760493119117672 19
1744318307459 0.5777717178601117 20
1744318374755 0.5827929294253568 21
1744318441583 0.58374854607535 22
1744318507969 0.5822578805999953 23
1744318574941 0.5997492079105845 24
1744318639912 0.5982582218288074 25
1744318704512 0.6024614566535579 26
1744318769494 0.6011948413728087 27
1744318835055 0.6106651900840347 28
1744318901456 0.5990163720425625 29
1744318968879 0.6163872573655537 30
1744319036578 0.599487909409638 31
1744319104077 0.6074837701706629 32
1744319170953 0.6221084854016545 33
1744319238212 0.6179170695776308 34
1744319305686 0.6183618062233255 35
1744319373179 0.6188734197820597 36
1744319440682 0.5920854171082155 37
1744319508222 0.6296973591075156 38
1744319575683 0.6303564339059992 39
1744319643174 0.6430112959595983 40
1744319710713 0.6397072282055956 41
1744319778190 0.6371551344431536 42
1744319845718 0.643403310277375 43
1744319913275 0.6143390981897159 44
1744319980793 0.6216192302585342 45
1744320048153 0.6362253571088755 46
1744320115651 0.6427895787757633 47
1744320183231 0.6356007306419057 48
1744320250218 0.6325800386458151 49
1744320317711 0.6490727038240081 50
1744320385232 0.6369253660504989 51
1744320452784 0.6413094034755848 52
1744320520079 0.6417715692111008 53
1744320587475 0.645811208402941 54
1744320654874 0.6487163816236433 55
1744320722278 0.6262775589080715 56
1744320789999 0.6473607542014185 57
1744320857160 0.6224188920191757 58
1744320924338 0.6503128348778972 59
1744320991439 0.6445615613475513 60
1744321058514 0.6409870826694926 61
1744321125499 0.6504673020152397 62
1744321192659 0.6609026914772702 63
1744321259656 0.6507318729182826 64
1744321326871 0.6536395154309924 65
1744321393994 0.662725318033659 66
1744321461094 0.6592600891038726 67
1744321528199 0.6547902005941667 68
1744321595336 0.6462289725890125 69
1744321662524 0.6410480954910974 70
1744321729683 0.6600008771673355 71
1744321796840 0.6507559592997987 72
1744321863965 0.6615905109040291 73
1744321931067 0.613358695235167 74
1744321998192 0.6473012930338701 75
1744322065266 0.6491369439236705 76
1744322132269 0.6495549784305635 77
1744322199333 0.6533808618273333 78
1744322266412 0.6561452170822434 79
1744322333665 0.6611753588001102 80
1744322400817 0.6582874940229825 81
1744322467963 0.640830877131941 82
1744322535117 0.6434869899257851 83
1744322602057 0.6533870394385907 84
1744322669175 0.647377573247625 85
1744322736269 0.6573810425195868 86
1744322803381 0.6436344097775093 87
1744322870516 0.6498804473367091 88
1744322936750 0.6427571060508417 89
