1744316956126 0.00047429284903096664 0
1744317024594 0.28701023229714145 1
1744317093086 0.5330455631971555 2
1744317159784 0.574312196721743 3
1744317227675 0.6131081262567096 4
1744317295969 0.5945562639833069 5
1744317364548 0.6482859378284298 6
1744317433063 0.653495788786618 7
1744317501548 0.6652559345999608 8
1744317569624 0.6470334793928926 9
1744317637176 0.6830083268949396 10
1744317704553 0.6705175081957692 11
1744317772471 0.6731908356477112 12
1744317840887 0.6608776987946464 13
1744317908204 0.6817459719758057 14
1744317974564 0.7001232106430356 15
1744318042622 0.7027797181242398 16
1744318109901 0.7108197205689498 17
1744318175450 0.722297975821136 18
1744318240531 0.7293836379624103 19
1744318307457 0.7313704911683073 20
1744318374753 0.7348500204889271 21
1744318441581 0.736105687324936 22
1744318507967 0.7349330562855806 23
1744318574939 0.748694163583241 24
1744318639910 0.7476086415245187 25
1744318704512 0.750786471503127 26
1744318769491 0.7489996352267131 27
1744318835053 0.7573011738956635 28
