1744316956126 0.00047429284945488834 0
1744317024594 0.28701023229731365 1
1744317093090 0.5330455631972474 2
1744317159794 0.5743121967218193 3
1744317227675 0.6131081262567893 4
1744317295981 0.5945562639833948 5
1744317364548 0.648285937828506 6
1744317433063 0.6534957887866872 7
1744317501548 0.6652559346000347 8
1744317569628 0.6470334793929594 9
1744317637180 0.6830083268950098 10
1744317704557 0.6705175081958357 11
1744317772471 0.6731908356477769 12
1744317840887 0.6608776987947177 13
1744317908204 0.6817459719758714 14
1744317974564 0.7001232106430952 15
1744318042626 0.7027797181243016 16
1744318109905 0.7108197205690069 17
1744318175450 0.7222979758211913 18
1744318240531 0.7293836379624672 19
1744318307461 0.7313704911683612 20
1744318374757 0.7348500204889834 21
1744318441585 0.7361056873249892 22
1744318507971 0.734933056285633 23
1744318574943 0.7486941635832941 24
1744318639914 0.7476086415245692 25
1744318704512 0.7507864715031777 26
1744318769495 0.7489996352267667 27
1744318835057 0.7573011738957122 28
1744318901458 0.7474806249874199 29
1744318968879 0.7616757884990666 30
1744319036578 0.7481087755476562 31
1744319104077 0.7544502104909832 32
1744319170968 0.7662918720815561 33
1744319238228 0.7628651598426534 34
1744319305686 0.7631154943334681 35
1744319373179 0.7636878747630929 36
1744319440682 0.7424543347299206 37
1744319508222 0.7717985446541924 38
1744319575683 0.7722904023649722 39
1744319643174 0.7819417898262596 40
1744319710713 0.7790711921203365 41
1744319778190 0.7772125349005273 42
1744319845718 0.7819678952446214 43
1744319913275 0.7601300651412594 44
1744319980793 0.7657842425155336 45
1744320048169 0.7765117472531988 46
1744320115667 0.7813680614010249 47
1744320183232 0.7759344051199476 48
1744320250219 0.7736814212227804 49
1744320317713 0.7864920202027337 50
1744320385234 0.777042187946986 51
1744320452786 0.7806163650772053 52
1744320520081 0.781061694260523 53
1744320587477 0.7838889061346163 54
1744320654876 0.7862247626095843 55
1744320722280 0.7695392573532992 56
1744320789999 0.7850348826577196 57
1744320857160 0.7664878783942513 58
1744320924338 0.7875537390693493 59
1744320991439 0.7831781287628214 60
1744321058530 0.7806501000778715 61
1744321125515 0.787408449398091 62
1744321192659 0.7948344504967747 63
1744321259656 0.7875060745467781 64
1744321326871 0.7893760864067418 65
1744321393994 0.7963322285177481 66
1744321461094 0.7941295510757846 67
1744321528199 0.790729246463571 68
1744321595336 0.7842042023321102 69
1744321662540 0.7806165913531009 70
1744321729683 0.7947024320388894 71
1744321796840 0.7879965881452939 72
1744321863965 0.795973158570658 73
1744321931067 0.7588113943288465 74
1744321998192 0.7853392064609779 75
1744322065266 0.786510669670652 76
1744322132269 0.7869766693203973 77
1744322199333 0.7899922892227146 78
1744322266412 0.7918852410645515 79
1744322333680 0.7954316240005481 80
1744322400817 0.7935370205375312 81
1744322467978 0.7802510230211886 82
1744322535117 0.7826162057840852 83
1744322602057 0.7900633399182665 84
1744322669175 0.785192426759027 85
1744322736269 0.7928766501282059 86
1744322803381 0.7828062335197866 87
1744322870516 0.7871191782394528 88
1744322936750 0.7821647873791097 89
