1744316888813 0.8259256482124329 1
1744316890767 0.7754079103469849 2
1744316892640 0.7425785064697266 3
1744316894546 0.7177062630653381 4
1744316896438 0.7003120183944702 5
1744316898297 0.6833150386810303 6
1744316900141 0.6662681102752686 7
1744316902016 0.6543421745300293 8
1744316903906 0.6485648155212402 9
1744316905797 0.6372345685958862 10
1744316907734 0.6313875913619995 11
1744316909624 0.616252064704895 12
1744316911532 0.6113628149032593 13
1744316913515 0.6045256853103638 14
1744316915388 0.5950418710708618 15
1744316917281 0.5924030542373657 16
1744316919172 0.5853019952774048 17
1744316921047 0.5804926156997681 18
1744316922954 0.5716938972473145 19
1744316924844 0.5659310817718506 20
1744316926781 0.5629453659057617 21
1744316928668 0.5553796291351318 22
1744316930562 0.5548140406608582 23
1744316932469 0.5463684797286987 24
1744316934375 0.540379524230957 25
1744316936265 0.5371325612068176 26
1744316938156 0.5402116775512695 27
1744316940048 0.5355624556541443 28
1744316941985 0.5291662216186523 29
1744316943828 0.5288881063461304 30
1744316945719 0.5223987102508545 31
1744316946906 0.5248217582702637 32
1744316957297 0.5122984051704407 33
1744316959234 0.5135316848754883 34
1744316961109 0.5110364556312561 35
1744316962953 0.5080229043960571 36
1744316964813 0.5129400491714478 37
1744316966737 0.5061485767364502 38
1744316968702 0.5080204606056213 39
1744316970562 0.5045409202575684 40
1744316972500 0.5028624534606934 41
1744316974344 0.49764928221702576 42
1744316976267 0.4996483325958252 43
1744316978203 0.494692325592041 44
1744316980046 0.49254098534584045 45
1744316981922 0.4868757724761963 46
1744316983858 0.4949859082698822 47
1744316985765 0.48601263761520386 48
1744316987671 0.48716339468955994 49
1744316989532 0.4853824973106384 50
1744316991390 0.48577654361724854 51
1744316993359 0.48684757947921753 52
1744316995265 0.48483365774154663 53
1744316997157 0.4835951030254364 54
1744316999016 0.47768282890319824 55
1744317000969 0.4737415611743927 56
1744317002860 0.4738718271255493 57
1744317004750 0.4745928943157196 58
1744317006640 0.4751666188240051 59
1744317008485 0.47012537717819214 60
1744317010344 0.4740762412548065 61
1744317012234 0.4720330238342285 62
1744317014140 0.4694976806640625 63
1744317015315 0.4677497446537018 64
1744317025703 0.47475171089172363 65
1744317027653 0.4660033583641052 66
1744317029562 0.4712475538253784 67
1744317031452 0.47127628326416016 68
1744317033376 0.46909376978874207 69
1744317035265 0.47030317783355713 70
1744317037171 0.46809011697769165 71
1744317039062 0.4647218585014343 72
1744317040985 0.4640101194381714 73
1744317042890 0.4657413363456726 74
1744317044796 0.4574829638004303 75
1744317046672 0.46066251397132874 76
1744317048543 0.4567144513130188 77
1744317050359 0.46050143241882324 78
1744317052235 0.4580271244049072 79
1744317054078 0.4764258861541748 80
1744317055937 0.47160500288009644 81
1744317057859 0.46059727668762207 82
1744317059751 0.4648992419242859 83
1744317061669 0.46637022495269775 84
1744317063578 0.4758516550064087 85
1744317065517 0.46771979331970215 86
1744317067419 0.4692752957344055 87
1744317069359 0.46858444809913635 88
1744317071234 0.464885950088501 89
1744317073141 0.46709710359573364 90
1744317075016 0.46254637837409973 91
1744317076950 0.46001094579696655 92
1744317078813 0.4598921537399292 93
1744317080750 0.4595540165901184 94
1744317082625 0.46153518557548523 95
1744317083735 0.4580857455730438 96
1744317094218 0.4602602422237396 97
1744317096078 0.4590412378311157 98
1744317097984 0.4555339813232422 99
1744317099875 0.4577940106391907 100
1744317101717 0.4527505040168762 101
1744317103500 0.4524073600769043 102
1744317105296 0.44747194647789 103
1744317107093 0.4487576484680176 104
1744317108890 0.45202353596687317 105
1744317110703 0.4486296474933624 106
1744317112531 0.4498353600502014 107
1744317114390 0.44742944836616516 108
1744317116251 0.4482066035270691 109
1744317118078 0.45172253251075745 110
1744317119890 0.4478544592857361 111
1744317121782 0.445337176322937 112
1744317123638 0.44708871841430664 113
1744317125484 0.448200523853302 114
1744317127311 0.4457967281341553 115
1744317129137 0.4443567097187042 116
1744317131015 0.4406714141368866 117
1744317132890 0.4455477297306061 118
1744317134750 0.44180113077163696 119
1744317136547 0.44100499153137207 120
1744317138419 0.43693801760673523 121
1744317140233 0.4444209933280945 122
1744317142140 0.43881872296333313 123
1744317144000 0.44132199883461 124
1744317145827 0.4380740523338318 125
1744317147671 0.4409366250038147 126
1744317149515 0.43550482392311096 127
1744317150649 0.4381561279296875 128
1744317160766 0.43451058864593506 129
1744317162624 0.43356209993362427 130
1744317164452 0.43674129247665405 131
1744317166266 0.4331445097923279 132
1744317168124 0.43260473012924194 133
1744317169999 0.431439608335495 134
1744317171891 0.43282490968704224 135
1744317173734 0.4313853979110718 136
1744317175577 0.433493435382843 137
1744317177481 0.43314483761787415 138
1744317179390 0.43268683552742004 139
1744317181203 0.431717187166214 140
1744317183187 0.4327090382575989 141
1744317185015 0.42751550674438477 142
1744317186892 0.4282259941101074 143
1744317188718 0.42990976572036743 144
1744317190594 0.42537832260131836 145
1744317192499 0.4264149069786072 146
1744317194422 0.4258151650428772 147
1744317196298 0.42314252257347107 148
1744317198203 0.42395180463790894 149
1744317200094 0.42484408617019653 150
1744317201985 0.430367112159729 151
1744317203891 0.4289550185203552 152
1744317205812 0.42499423027038574 153
1744317207750 0.425711065530777 154
1744317209656 0.42546582221984863 155
1744317211578 0.42692068219184875 156
1744317213516 0.4259415864944458 157
1744317215422 0.4265403151512146 158
1744317217314 0.4247199296951294 159
1744317218421 0.4327848553657532 160
1744317228705 0.4227314591407776 161
1744317230594 0.4210340678691864 162
1744317232485 0.42364609241485596 163
1744317234328 0.42124807834625244 164
1744317236204 0.4190083146095276 165
1744317238094 0.42387813329696655 166
1744317240031 0.4177241325378418 167
1744317241937 0.41927072405815125 168
1744317243781 0.4166579842567444 169
1744317245672 0.42053720355033875 170
1744317247514 0.41709744930267334 171
1744317249391 0.41551879048347473 172
1744317251313 0.415412962436676 173
1744317253250 0.41603633761405945 174
1744317255141 0.41473543643951416 175
1744317257094 0.41369473934173584 176
1744317258937 0.41510772705078125 177
1744317260828 0.4143867790699005 178
1744317262750 0.41929516196250916 179
1744317264641 0.41145771741867065 180
1744317266517 0.41595202684402466 181
1744317268406 0.4125790596008301 182
1744317270392 0.41246509552001953 183
1744317272265 0.41505691409111023 184
1744317274187 0.41453152894973755 185
1744317276078 0.4149794578552246 186
1744317277985 0.4136861562728882 187
1744317279906 0.41319191455841064 188
1744317281813 0.4105605185031891 189
1744317283703 0.4099941551685333 190
1744317285594 0.4099128246307373 191
1744317286736 0.4136052429676056 192
1744317297047 0.4131286144256592 193
1744317298938 0.4085458517074585 194
1744317300828 0.408164918422699 195
1744317302797 0.40938112139701843 196
1744317304766 0.40844911336898804 197
1744317306594 0.40708786249160767 198
1744317308500 0.4070538580417633 199
1744317310359 0.40749433636665344 200
1744317312281 0.409124493598938 201
1744317314187 0.40627142786979675 202
1744317316031 0.40321671962738037 203
1744317317953 0.40492093563079834 204
1744317319873 0.40161362290382385 205
1744317321781 0.4024028778076172 206
1744317323719 0.40270090103149414 207
1744317325638 0.40038079023361206 208
1744317327610 0.4000609517097473 209
1744317329515 0.4016239047050476 210
1744317331451 0.39988404512405396 211
1744317333312 0.3980085849761963 212
1744317335171 0.4001779556274414 213
1744317337000 0.3990126848220825 214
1744317338890 0.40167319774627686 215
1744317340781 0.3979342579841614 216
1744317342669 0.3950551152229309 217
1744317344593 0.39898422360420227 218
1744317346453 0.39983806014060974 219
1744317348312 0.39588069915771484 220
1744317350219 0.39951616525650024 221
1744317352125 0.39959269762039185 222
1744317354047 0.3990778625011444 223
1744317355210 0.395969957113266 224
1744317365657 0.3949776291847229 225
1744317367594 0.3938462734222412 226
1744317369485 0.39488640427589417 227
1744317371361 0.3946349620819092 228
1744317373297 0.3933931589126587 229
1744317375234 0.39429932832717896 230
1744317377109 0.3920530080795288 231
1744317379005 0.3919922709465027 232
1744317380859 0.39152002334594727 233
1744317382766 0.3913536071777344 234
1744317384688 0.3943116068840027 235
1744317386594 0.3913206458091736 236
1744317388470 0.3884305953979492 237
1744317390417 0.3900381326675415 238
1744317392360 0.3893899619579315 239
1744317394296 0.38876643776893616 240
1744317396109 0.39085066318511963 241
1744317398016 0.388821542263031 242
1744317399921 0.38731300830841064 243
1744317401797 0.38958311080932617 244
1744317403733 0.3869221806526184 245
1744317405640 0.3881368339061737 246
1744317407543 0.38753581047058105 247
1744317409452 0.38450711965560913 248
1744317411296 0.38398832082748413 249
1744317413172 0.38499581813812256 250
1744317415062 0.3869691491127014 251
1744317416969 0.3856655955314636 252
1744317418844 0.38578760623931885 253
1744317420734 0.384266197681427 254
1744317422672 0.3854527771472931 255
1744317423797 0.3872765004634857 256
1744317434188 0.3819076418876648 257
1744317436094 0.38456279039382935 258
1744317437937 0.3829486668109894 259
1744317439845 0.3847518563270569 260
1744317441734 0.3833070993423462 261
1744317443609 0.38147252798080444 262
1744317445469 0.38207024335861206 263
1744317447312 0.38032054901123047 264
1744317449171 0.38427937030792236 265
1744317451109 0.3819398283958435 266
1744317453000 0.38221675157546997 267
1744317454905 0.3832123279571533 268
1744317456843 0.38208630681037903 269
1744317458703 0.37799739837646484 270
1744317460594 0.3788250982761383 271
1744317462500 0.37772589921951294 272
1744317464359 0.37648874521255493 273
1744317466293 0.3752628564834595 274
1744317468218 0.37556079030036926 275
1744317470095 0.37972915172576904 276
1744317472062 0.3757563829421997 277
1744317473937 0.37443968653678894 278
1744317475875 0.375713586807251 279
1744317477797 0.3736634850502014 280
1744317479672 0.3753846287727356 281
1744317481624 0.3746877908706665 282
1744317483484 0.3763234615325928 283
1744317485406 0.3736245036125183 284
1744317487297 0.3718465566635132 285
1744317489189 0.3725631535053253 286
1744317491093 0.3701345920562744 287
1744317492250 0.3783380389213562 288
1744317502641 0.37124064564704895 289
1744317504512 0.3704327344894409 290
1744317506407 0.37357234954833984 291
1744317508326 0.37138697504997253 292
1744317510203 0.3712308704853058 293
1744317512095 0.37043577432632446 294
1744317513985 0.37045198678970337 295
1744317515875 0.3682836890220642 296
1744317517812 0.37088945508003235 297
1744317519671 0.3725614547729492 298
1744317521640 0.3703904151916504 299
1744317523548 0.3697452247142792 300
1744317525390 0.3668622672557831 301
1744317527266 0.3667198419570923 302
1744317529157 0.3671344518661499 303
1744317531015 0.36736664175987244 304
1744317532922 0.3654082417488098 305
1744317534829 0.3679344058036804 306
1744317536702 0.36673933267593384 307
1744317538547 0.3660491704940796 308
1744317540452 0.3662768304347992 309
1744317542388 0.3658939599990845 310
1744317544229 0.3662183880805969 311
1744317546063 0.36494681239128113 312
1744317547975 0.3665904998779297 313
1744317549881 0.3633180856704712 314
1744317551776 0.36623191833496094 315
1744317553682 0.36444395780563354 316
1744317555611 0.35984694957733154 317
1744317557472 0.3605406880378723 318
1744317559343 0.3624587059020996 319
1744317560458 0.36133939027786255 320
1744317570718 0.3615453243255615 321
1744317572663 0.3606299161911011 322
1744317574563 0.3593297302722931 323
1744317576407 0.3600282669067383 324
1744317578312 0.35880181193351746 325
1744317580142 0.3573617935180664 326
1744317581974 0.3586415648460388 327
1744317583864 0.35935747623443604 328
1744317585748 0.3608328104019165 329
1744317587559 0.3565794825553894 330
1744317589476 0.35912561416625977 331
1744317591341 0.3565550446510315 332
1744317593194 0.35831329226493835 333
1744317595064 0.3571982979774475 334
1744317596890 0.3584466576576233 335
1744317598798 0.35590553283691406 336
1744317600716 0.3553778827190399 337
1744317602677 0.3556968569755554 338
1744317604522 0.3560011386871338 339
1744317606459 0.35163044929504395 340
1744317608325 0.35418885946273804 341
1744317610160 0.3539610505104065 342
1744317612006 0.35298997163772583 343
1744317613856 0.35394322872161865 344
1744317615704 0.35190528631210327 345
1744317617546 0.35267096757888794 346
1744317619397 0.3520847260951996 347
1744317621216 0.3512150049209595 348
1744317623083 0.35269758105278015 349
1744317624981 0.35252314805984497 350
1744317626863 0.35101667046546936 351
1744317627985 0.3533303141593933 352
1744317638220 0.34872937202453613 353
1744317640105 0.3509773313999176 354
1744317641926 0.35002583265304565 355
1744317643798 0.3529157042503357 356
1744317645672 0.3498691916465759 357
1744317647559 0.34892284870147705 358
1744317649377 0.34758278727531433 359
1744317651272 0.34771251678466797 360
1744317653182 0.34747204184532166 361
1744317655086 0.3500227928161621 362
1744317656938 0.3460865914821625 363
1744317658809 0.34767094254493713 364
1744317660618 0.34681835770606995 365
1744317662447 0.3459089994430542 366
1744317664297 0.34537988901138306 367
1744317666137 0.3444902300834656 368
1744317668044 0.3438532054424286 369
1744317669930 0.34442228078842163 370
1744317671820 0.34812700748443604 371
1744317673700 0.3428872227668762 372
1744317675568 0.3431445360183716 373
1744317677436 0.34585872292518616 374
1744317679305 0.3423084020614624 375
1744317681216 0.34276437759399414 376
1744317683084 0.34065502882003784 377
1744317684898 0.34078192710876465 378
1744317686684 0.3446558713912964 379
1744317688578 0.34089145064353943 380
1744317690464 0.3432912230491638 381
1744317692373 0.3432716429233551 382
1744317694250 0.3391741216182709 383
1744317695377 0.337790846824646 384
1744317705580 0.3394641578197479 385
1744317707475 0.34274062514305115 386
1744317709373 0.33861857652664185 387
1744317711212 0.33865121006965637 388
1744317713111 0.3382662534713745 389
1744317714938 0.33794108033180237 390
1744317716828 0.33920449018478394 391
1744317718711 0.33848750591278076 392
1744317720598 0.3382042646408081 393
1744317722525 0.3378865718841553 394
1744317724324 0.3378759026527405 395
1744317726234 0.33931297063827515 396
1744317728133 0.3365078866481781 397
1744317730020 0.3367226719856262 398
1744317731911 0.3341771364212036 399
1744317733765 0.3362775444984436 400
1744317735658 0.3366299867630005 401
1744317737507 0.33297741413116455 402
1744317739388 0.3331628739833832 403
1744317741230 0.33502304553985596 404
1744317743071 0.3330320119857788 405
1744317744944 0.33274006843566895 406
1744317746887 0.3327646851539612 407
1744317748779 0.3298887014389038 408
1744317750672 0.33180028200149536 409
1744317752550 0.3312585949897766 410
1744317754471 0.3328559398651123 411
1744317756370 0.3345569372177124 412
1744317758267 0.3310908079147339 413
1744317760172 0.33387699723243713 414
1744317762047 0.332209050655365 415
1744317763182 0.36165666580200195 416
1744317773622 0.3336036801338196 417
1744317775485 0.333978533744812 418
1744317777360 0.3353738486766815 419
1744317779297 0.3359546661376953 420
1744317781172 0.34055787324905396 421
1744317783109 0.34154266119003296 422
1744317785093 0.3352792263031006 423
1744317787031 0.3399864435195923 424
1744317788985 0.3376297354698181 425
1744317790827 0.33301907777786255 426
1744317792781 0.33158501982688904 427
1744317794643 0.33530062437057495 428
1744317796579 0.33469119668006897 429
1744317798500 0.33586084842681885 430
1744317800450 0.33579277992248535 431
1744317802361 0.3340722620487213 432
1744317804187 0.336810827255249 433
1744317806063 0.33475667238235474 434
1744317807938 0.33684808015823364 435
1744317809719 0.3352218568325043 436
1744317811641 0.3330395519733429 437
1744317813485 0.3353366255760193 438
1744317815327 0.3292267918586731 439
1744317817234 0.3275867700576782 440
1744317819110 0.3304174840450287 441
1744317821031 0.32937467098236084 442
1744317822890 0.32941320538520813 443
1744317824828 0.32915323972702026 444
1744317826657 0.32655274868011475 445
1744317828500 0.3270662724971771 446
1744317830437 0.3251272439956665 447
1744317831594 0.3327025771141052 448
1744317842001 0.32552045583724976 449
1744317843875 0.3232559263706207 450
1744317845762 0.3257021903991699 451
1744317847672 0.3243713676929474 452
1744317849563 0.32231342792510986 453
1744317851485 0.3220116198062897 454
1744317853344 0.3223053216934204 455
1744317855220 0.32280468940734863 456
1744317857137 0.3218616247177124 457
1744317859109 0.31966280937194824 458
1744317861015 0.3210064768791199 459
1744317862906 0.3205069899559021 460
1744317864763 0.31937122344970703 461
1744317866714 0.3215945363044739 462
1744317868609 0.31901252269744873 463
1744317870422 0.3193644881248474 464
1744317872313 0.3178848922252655 465
1744317874126 0.3215060234069824 466
1744317875984 0.3181457817554474 467
1744317877797 0.3158504366874695 468
1744317879657 0.31888148188591003 469
1744317881468 0.3179117441177368 470
1744317883264 0.3159090280532837 471
1744317885046 0.3163173794746399 472
1744317886891 0.31734639406204224 473
1744317888764 0.3162757158279419 474
1744317890578 0.3162727952003479 475
1744317892406 0.3197444975376129 476
1744317894234 0.3143155872821808 477
1744317896076 0.31515687704086304 478
1744317897907 0.3163084089756012 479
1744317899054 0.32044243812561035 480
1744317909235 0.31316784024238586 481
1744317911080 0.3151358962059021 482
1744317912890 0.3113088607788086 483
1744317914719 0.3160559833049774 484
1744317916564 0.31039565801620483 485
1744317918437 0.3129705786705017 486
1744317920266 0.31559646129608154 487
1744317922094 0.3117958605289459 488
1744317923921 0.31176552176475525 489
1744317925703 0.31421732902526855 490
1744317927546 0.3081353008747101 491
1744317929390 0.31037116050720215 492
1744317931234 0.3116913437843323 493
1744317933062 0.3088968098163605 494
1744317934921 0.30979928374290466 495
1744317936687 0.3098185062408447 496
1744317938515 0.30751097202301025 497
1744317940359 0.30978137254714966 498
1744317942188 0.3090934753417969 499
1744317944031 0.3086463510990143 500
1744317945860 0.3078206181526184 501
1744317947672 0.3073817193508148 502
1744317949483 0.3055814802646637 503
1744317951327 0.3088778853416443 504
1744317953141 0.3055640459060669 505
1744317954968 0.305281400680542 506
1744317956845 0.3047007620334625 507
1744317958637 0.3058145046234131 508
1744317960497 0.3044578433036804 509
1744317962343 0.30446314811706543 510
1744317964141 0.30466967821121216 511
1744317965287 0.30528008937835693 512
1744317975642 0.30373522639274597 513
1744317977595 0.30281177163124084 514
1744317979515 0.30170339345932007 515
1744317981360 0.30380865931510925 516
1744317983265 0.3013005256652832 517
1744317985172 0.30145758390426636 518
1744317987078 0.3037062883377075 519
1744317989000 0.3007904887199402 520
1744317990875 0.3003520369529724 521
1744317992719 0.30078086256980896 522
1744317994656 0.3029212951660156 523
1744317996547 0.30041056871414185 524
1744317998500 0.3013940453529358 525
1744318000376 0.302270770072937 526
1744318002296 0.30037713050842285 527
1744318004156 0.301069974899292 528
1744318006077 0.29956454038619995 529
1744318007937 0.2984578609466553 530
1744318009828 0.30057236552238464 531
1744318011671 0.30064457654953003 532
1744318013610 0.2979535460472107 533
1744318015493 0.3008621633052826 534
1744318017410 0.3014755845069885 535
1744318019259 0.29928943514823914 536
1744318021163 0.296150803565979 537
1744318023003 0.29564037919044495 538
1744318024872 0.29878562688827515 539
1744318026740 0.29582545161247253 540
1744318028560 0.29478269815444946 541
1744318030402 0.2955414354801178 542
1744318032296 0.29663199186325073 543
1744318033401 0.30421894788742065 544
1744318043736 0.2952672839164734 545
1744318045596 0.2963634133338928 546
1744318047507 0.29716771841049194 547
1744318049361 0.2949453592300415 548
1744318051228 0.2952207922935486 549
1744318053108 0.2958848476409912 550
1744318055018 0.2953711152076721 551
1744318056848 0.29450714588165283 552
1744318058711 0.2951934337615967 553
1744318060581 0.29356586933135986 554
1744318062452 0.29347631335258484 555
1744318064422 0.2952520251274109 556
1744318066265 0.29376503825187683 557
1744318068149 0.29378658533096313 558
1744318070034 0.2917017340660095 559
1744318071955 0.2925781011581421 560
1744318073843 0.29173433780670166 561
1744318075718 0.2907745838165283 562
1744318077515 0.2908340096473694 563
1744318079343 0.29119834303855896 564
1744318081219 0.29139623045921326 565
1744318083013 0.29115402698516846 566
1744318084812 0.29060328006744385 567
1744318086704 0.28939270973205566 568
1744318088531 0.28893357515335083 569
1744318090391 0.28857529163360596 570
1744318092264 0.2892615497112274 571
1744318094094 0.28764551877975464 572
1744318095923 0.28921860456466675 573
1744318097765 0.2868534326553345 574
1744318099577 0.28843849897384644 575
1744318100704 0.29230883717536926 576
1744318110937 0.28962117433547974 577
1744318112762 0.2877561151981354 578
1744318114594 0.2868056893348694 579
1744318116515 0.28896379470825195 580
1744318118359 0.2883899211883545 581
1744318120234 0.28602349758148193 582
1744318122063 0.2864266335964203 583
1744318123938 0.2838181257247925 584
1744318125766 0.28590673208236694 585
1744318127609 0.2854217290878296 586
1744318129516 0.28570616245269775 587
1744318131329 0.28391432762145996 588
1744318133122 0.2847336530685425 589
1744318134853 0.283793568611145 590
1744318136614 0.28339001536369324 591
1744318138402 0.2842157185077667 592
1744318140167 0.28366637229919434 593
1744318141890 0.28227418661117554 594
1744318143667 0.28131476044654846 595
1744318145407 0.28277844190597534 596
1744318147195 0.2847662568092346 597
1744318148970 0.28161245584487915 598
1744318150787 0.282027006149292 599
1744318152524 0.281929612159729 600
1744318154324 0.28122758865356445 601
1744318156119 0.2815895676612854 602
1744318157901 0.27952858805656433 603
1744318159703 0.2818218469619751 604
1744318161575 0.2810366749763489 605
1744318163400 0.28163713216781616 606
1744318165218 0.27765142917633057 607
1744318166337 0.27648892998695374 608
1744318176452 0.2802160680294037 609
1744318178265 0.2781638503074646 610
1744318180109 0.2800973057746887 611
1744318181890 0.2769222855567932 612
1744318183749 0.2774651050567627 613
1744318185581 0.2770892381668091 614
1744318187385 0.27747029066085815 615
1744318189163 0.2803046703338623 616
1744318190952 0.27861225605010986 617
1744318192770 0.2791465222835541 618
1744318194529 0.2774365246295929 619
1744318196317 0.2781521677970886 620
1744318198071 0.2751466929912567 621
1744318199836 0.27627506852149963 622
1744318201588 0.275768518447876 623
1744318203368 0.27721846103668213 624
1744318205124 0.2734510898590088 625
1744318206890 0.2763882577419281 626
1744318208639 0.2738133370876312 627
1744318210460 0.2780466675758362 628
1744318212168 0.27419981360435486 629
1744318213957 0.2728516161441803 630
1744318215726 0.27507516741752625 631
1744318217512 0.2753527760505676 632
1744318219341 0.2725203037261963 633
1744318221129 0.2726120948791504 634
1744318222958 0.27455300092697144 635
1744318224747 0.2749819755554199 636
1744318226517 0.2733684182167053 637
1744318228272 0.2734733819961548 638
1744318230145 0.2700827121734619 639
1744318231275 0.27405521273612976 640
1744318241562 0.2695789337158203 641
1744318243407 0.2706810534000397 642
1744318245218 0.27202022075653076 643
1744318247061 0.2747150957584381 644
1744318248818 0.27141329646110535 645
1744318250591 0.2713428735733032 646
1744318252474 0.26929277181625366 647
1744318254363 0.269483745098114 648
1744318256288 0.2719321846961975 649
1744318258169 0.27251094579696655 650
1744318260055 0.27224844694137573 651
1744318261954 0.26834791898727417 652
1744318263872 0.2697395384311676 653
1744318265802 0.2686147689819336 654
1744318267705 0.2705504894256592 655
1744318269529 0.26772576570510864 656
1744318271356 0.26875120401382446 657
1744318273206 0.26903992891311646 658
1744318274997 0.2680198550224304 659
1744318276809 0.27099448442459106 660
1744318278607 0.2660922408103943 661
1744318280443 0.265796959400177 662
1744318282296 0.2662971615791321 663
1744318284115 0.26696979999542236 664
1744318285919 0.26609912514686584 665
1744318287752 0.26471853256225586 666
1744318289684 0.2653794288635254 667
1744318291578 0.26835888624191284 668
1744318293416 0.2644079625606537 669
1744318295257 0.26636072993278503 670
1744318297175 0.2638682723045349 671
1744318298277 0.26266542077064514 672
1744318308574 0.2663458585739136 673
1744318310530 0.2638556957244873 674
1744318312417 0.26372841000556946 675
1744318314262 0.2650788426399231 676
1744318316073 0.26658084988594055 677
1744318317958 0.2638092339038849 678
1744318319882 0.26576101779937744 679
1744318321742 0.26201972365379333 680
1744318323590 0.2622562646865845 681
1744318325521 0.26324355602264404 682
1744318327406 0.2626733183860779 683
1744318329285 0.2612035870552063 684
1744318331079 0.26172325015068054 685
1744318333015 0.2624572515487671 686
1744318334868 0.26419684290885925 687
1744318336764 0.26177483797073364 688
1744318338642 0.26049333810806274 689
1744318340460 0.2602468729019165 690
1744318342362 0.2604491710662842 691
1744318344282 0.2596820592880249 692
1744318346180 0.2622373104095459 693
1744318348025 0.2593088150024414 694
1744318349902 0.2625933587551117 695
1744318351712 0.25815796852111816 696
1744318353475 0.2589969038963318 697
1744318355328 0.25894010066986084 698
1744318357158 0.25699979066848755 699
1744318358997 0.2571336030960083 700
1744318360858 0.26129263639450073 701
1744318362681 0.2570077180862427 702
1744318364514 0.25713950395584106 703
1744318365614 0.2584470510482788 704
1744318375824 0.25683167576789856 705
1744318377630 0.2583096921443939 706
1744318379521 0.2560000717639923 707
1744318381374 0.2579260766506195 708
1744318383285 0.2564050555229187 709
1744318385139 0.2552785277366638 710
1744318386999 0.2555422782897949 711
1744318388883 0.2574092745780945 712
1744318390720 0.25529879331588745 713
1744318392575 0.25403648614883423 714
1744318394418 0.25731611251831055 715
1744318396200 0.25436222553253174 716
1744318398086 0.25414615869522095 717
1744318399951 0.25366532802581787 718
1744318401821 0.25612401962280273 719
1744318403655 0.25262120366096497 720
1744318405494 0.25419288873672485 721
1744318407376 0.25509315729141235 722
1744318409220 0.2523418664932251 723
1744318411113 0.25454604625701904 724
1744318412949 0.25087910890579224 725
1744318414860 0.25530487298965454 726
1744318416699 0.2505781352519989 727
1744318418570 0.24901556968688965 728
1744318420394 0.25105732679367065 729
1744318422344 0.2536311745643616 730
1744318424251 0.2533363997936249 731
1744318426154 0.25204068422317505 732
1744318427940 0.25352245569229126 733
1744318429716 0.25472402572631836 734
1744318431488 0.25116291642189026 735
1744318432609 0.25805729627609253 736
1744318442559 0.2508612871170044 737
1744318444361 0.2524876892566681 738
1744318446092 0.2525811493396759 739
1744318447894 0.24900853633880615 740
1744318449653 0.2480183243751526 741
1744318451458 0.25029030442237854 742
1744318453237 0.2466600090265274 743
1744318455050 0.25070875883102417 744
1744318456907 0.24761775135993958 745
1744318458778 0.24611952900886536 746
1744318460614 0.24931305646896362 747
1744318462436 0.24674886465072632 748
1744318464248 0.2493978887796402 749
1744318466093 0.2513720989227295 750
1744318467866 0.24924951791763306 751
1744318469711 0.24927762150764465 752
1744318471643 0.2460818588733673 753
1744318473548 0.2483331263065338 754
1744318475360 0.24478767812252045 755
1744318477264 0.24716831743717194 756
1744318479126 0.24492505192756653 757
1744318480973 0.24753305315971375 758
1744318482892 0.24899426102638245 759
1744318484783 0.245724156498909 760
1744318486608 0.2450258433818817 761
1744318488465 0.2450113296508789 762
1744318490340 0.24551920592784882 763
1744318492140 0.24654167890548706 764
1744318494016 0.24557939171791077 765
1744318495905 0.247544527053833 766
1744318497805 0.24376773834228516 767
1744318498921 0.2418983280658722 768
1744318509043 0.24333566427230835 769
1744318510886 0.24350814521312714 770
1744318512788 0.24342450499534607 771
1744318514673 0.24276794493198395 772
1744318516484 0.24276834726333618 773
1744318518369 0.24537861347198486 774
1744318520213 0.24473756551742554 775
1744318522103 0.24237072467803955 776
1744318523984 0.24130287766456604 777
1744318525850 0.24135690927505493 778
1744318527777 0.245283842086792 779
1744318529667 0.24060210585594177 780
1744318531551 0.24056676030158997 781
1744318533373 0.24167539179325104 782
1744318535250 0.2404116690158844 783
1744318537083 0.24092398583889008 784
1744318538981 0.2461346685886383 785
1744318540893 0.24078369140625 786
1744318542714 0.24150286614894867 787
1744318544649 0.23930132389068604 788
1744318546515 0.2409275770187378 789
1744318548405 0.24285665154457092 790
1744318550193 0.24055124819278717 791
1744318552091 0.24087917804718018 792
1744318553889 0.238724485039711 793
1744318555709 0.23687325417995453 794
1744318557498 0.23769372701644897 795
1744318559321 0.24047473073005676 796
1744318561144 0.24110180139541626 797
1744318562971 0.2372806966304779 798
1744318564795 0.23601801693439484 799
1744318565901 0.23613783717155457 800
1744318575993 0.23773717880249023 801
1744318577760 0.23540329933166504 802
1744318579560 0.2371709942817688 803
1744318581308 0.23561155796051025 804
1744318583063 0.24049578607082367 805
1744318584821 0.23376750946044922 806
1744318586553 0.23769614100456238 807
1744318588370 0.23632779717445374 808
1744318590152 0.23754915595054626 809
1744318591961 0.23606547713279724 810
1744318593717 0.24092261493206024 811
1744318595550 0.2367311269044876 812
1744318597364 0.23489782214164734 813
1744318599177 0.23264549672603607 814
1744318600928 0.23499780893325806 815
1744318602683 0.23603305220603943 816
1744318604471 0.2333965301513672 817
1744318606247 0.23385365307331085 818
1744318608029 0.2334219217300415 819
1744318609800 0.23184318840503693 820
1744318611574 0.23386096954345703 821
1744318613368 0.23210695385932922 822
1744318615157 0.23290327191352844 823
1744318616949 0.2359195351600647 824
1744318618689 0.23273161053657532 825
1744318620462 0.23589462041854858 826
1744318622329 0.23181723058223724 827
1744318624155 0.23180031776428223 828
1744318626015 0.23133736848831177 829
1744318627873 0.23603662848472595 830
1744318629734 0.22885149717330933 831
1744318630873 0.23934465646743774 832
1744318640901 0.23429334163665771 833
1744318642691 0.2315741777420044 834
1744318644495 0.2306390404701233 835
1744318646294 0.2269921600818634 836
1744318648104 0.23238179087638855 837
1744318649863 0.23367799818515778 838
1744318651652 0.23156994581222534 839
1744318653439 0.22895649075508118 840
1744318655200 0.23110803961753845 841
1744318656981 0.2322027087211609 842
1744318658807 0.22913242876529694 843
1744318660588 0.2334245890378952 844
1744318662342 0.23058871924877167 845
1744318664146 0.2277175486087799 846
1744318665890 0.2286476045846939 847
1744318667651 0.22923538088798523 848
1744318669433 0.2281099110841751 849
1744318671174 0.22459551692008972 850
1744318672942 0.230976402759552 851
1744318674704 0.22646498680114746 852
1744318676504 0.22883330285549164 853
1744318678256 0.2279854714870453 854
1744318680023 0.2264690399169922 855
1744318681842 0.22665171325206757 856
1744318683627 0.2280430942773819 857
1744318685413 0.22767320275306702 858
1744318687186 0.22952966392040253 859
1744318689032 0.22674700617790222 860
1744318690875 0.22814935445785522 861
1744318692655 0.22313335537910461 862
1744318694432 0.22852948307991028 863
1744318695489 0.22392913699150085 864
1744318705548 0.22572630643844604 865
1744318707391 0.22929534316062927 866
1744318709231 0.22474569082260132 867
1744318711066 0.22456999123096466 868
1744318712878 0.22524797916412354 869
1744318714700 0.22183528542518616 870
1744318716546 0.22426053881645203 871
1744318718381 0.22436049580574036 872
1744318720156 0.2197761833667755 873
1744318721958 0.22696653008460999 874
1744318723758 0.222431480884552 875
1744318725515 0.22221694886684418 876
1744318727298 0.22601346671581268 877
1744318729100 0.22227570414543152 878
1744318730854 0.22369584441184998 879
1744318732614 0.22130239009857178 880
1744318734413 0.2211209237575531 881
1744318736213 0.22278164327144623 882
1744318738003 0.223283052444458 883
1744318739811 0.22225987911224365 884
1744318741612 0.22021269798278809 885
1744318743396 0.22030794620513916 886
1744318745178 0.2234049141407013 887
1744318746960 0.22158418595790863 888
1744318748781 0.22296571731567383 889
1744318750505 0.22220388054847717 890
1744318752294 0.22418354451656342 891
1744318754050 0.21866992115974426 892
1744318755890 0.22144715487957 893
1744318757694 0.21839118003845215 894
1744318759479 0.21897873282432556 895
1744318760533 0.2168121039867401 896
1744318770464 0.2191288322210312 897
1744318772253 0.21861325204372406 898
1744318774059 0.2170306295156479 899
1744318775813 0.21672466397285461 900
1744318777607 0.2217763513326645 901
1744318779365 0.21944937109947205 902
1744318781166 0.22076663374900818 903
1744318782931 0.2209339588880539 904
1744318784749 0.21643561124801636 905
1744318786594 0.2154405564069748 906
1744318788390 0.21593442559242249 907
1744318790211 0.21568593382835388 908
1744318792054 0.21704986691474915 909
1744318793894 0.21462172269821167 910
1744318795718 0.21893493831157684 911
1744318797506 0.21667079627513885 912
1744318799342 0.21656954288482666 913
1744318801168 0.2152574509382248 914
1744318803030 0.22026494145393372 915
1744318804827 0.216145858168602 916
1744318806646 0.21562924981117249 917
1744318808457 0.21684125065803528 918
1744318810282 0.2155371755361557 919
1744318812140 0.21652042865753174 920
1744318813968 0.21490952372550964 921
1744318815794 0.21504148840904236 922
1744318817625 0.21695184707641602 923
1744318819390 0.2137189656496048 924
1744318821202 0.21234911680221558 925
1744318822999 0.21017491817474365 926
1744318824793 0.21371999382972717 927
1744318825906 0.22206205129623413 928
1744318836044 0.2119949460029602 929
1744318837861 0.2122155725955963 930
1744318839687 0.21269774436950684 931
1744318841533 0.20977254211902618 932
1744318843358 0.21300390362739563 933
1744318845252 0.2131863534450531 934
1744318847188 0.2158524990081787 935
1744318849030 0.21092171967029572 936
1744318850874 0.21226857602596283 937
