1744343184142 0.13186704372939814 0
1744343444414 0.36783167308635 1
1744343705600 0.5782145192429697 2
1744343966375 0.6067584625083057 3
1744344227912 0.6037551314909174 4
1744344489222 0.6468581275583599 5
1744344749808 0.6832934781867394 6
1744345012225 0.6989494316514576 7
1744345275374 0.6950004493414972 8
1744345536411 0.7158435989183338 9
1744345797237 0.723380127776828 10
1744346058974 0.718511215110873 11
1744346319417 0.7277936923019385 12
1744346580696 0.7493170480871116 13
1744346842070 0.7319072538180365 14
1744347103708 0.7143632754531063 15
1744347366343 0.7385027225655246 16
1744347627818 0.7497346554791647 17
1744347890190 0.7433713787668846 18
1744348151654 0.7596075347681754 19
1744348413449 0.7592440093832284 20
1744348674904 0.7641755446222614 21
1744348937404 0.7555424798461771 22
1744349199421 0.7645503920374288 23
1744349460837 0.7612073997728666 24
1744349722840 0.7634255765365379 25
1744349983090 0.7686590149627831 26
1744350244299 0.762706145125349 27
1744350504553 0.7687490762833465 28
1744350765239 0.7723986677358896 29
1744351025878 0.7685913770580283 30
1744351287455 0.7815463152929241 31
1744351548990 0.769613389060419 32
1744351810214 0.7734449321384234 33
1744352071839 0.786221365773429 34
1744352333446 0.7803523560488886 35
1744352596292 0.7700934056667367 36
1744352860161 0.7831979655860698 37
1744353123822 0.7818843328488131 38
1744353386489 0.7775419183513966 39
1744353648934 0.776770245721738 40
1744353912064 0.7784996010981317 41
1744354175026 0.7868173333768594 42
1744354438171 0.7689181714381118 43
1744354700850 0.7662907078954292 44
1744354963674 0.7879416103871876 45
1744355225159 0.7741120402481756 46
1744355486995 0.7781946849345748 47
1744355750728 0.771333395666778 48
1744356012794 0.7904724712574008 49
1744356274812 0.783672526976869 50
1744356536464 0.7806539473134921 51
1744356796775 0.7708054901461019 52
1744357060042 0.7844546895653929 53
1744357323015 0.7798312608792385 54
1744357584918 0.7806902360751033 55
1744357846785 0.7729168541988801 56
1744358108780 0.7783951028108248 57
1744358370003 0.781594322736338 58
1744358633005 0.7913653727442768 59
1744358893722 0.78902969944863 60
1744359155784 0.7916681565187289 61
1744359416997 0.7868621958097637 62
1744359679431 0.7938689647610434 63
1744359942972 0.7924598712386262 64
1744360204814 0.7913749656479817 65
1744360467060 0.7902922378213555 66
1744360729235 0.801646683937426 67
1744360991295 0.7566371594072558 68
1744361252993 0.7878926808377235 69
1744361516881 0.788285646321922 70
1744361778897 0.7941843191137429 71
1744362040176 0.7975257103261272 72
1744362302196 0.7957382160502624 73
1744362565260 0.7940089915755341 74
1744362827119 0.7937468399642937 75
1744363088598 0.7998728930910032 76
1744363350471 0.7916471916225147 77
1744363611965 0.7929624774306713 78
1744363873172 0.7794656821734961 79
1744364134765 0.7819925698789391 80
1744364396420 0.8028845776260802 81
1744364657024 0.793533243826944 82
1744364918362 0.78427088020248 83
1744365179077 0.7865549149910188 84
1744365439995 0.7836367968058585 85
1744365701463 0.7980009608391562 86
1744365963329 0.7988136411177819 87
1744366225872 0.8006060103288497 88
1744366488674 0.8011209358793551 89
1744366751518 0.7995386921232531 90
1744367013840 0.7876406366539669 91
1744367275599 0.7753489721893027 92
1744367537869 0.7921325364524783 93
1744367798802 0.7997764875268818 94
1744368059955 0.7876237599428308 95
1744368321563 0.7963406615271363 96
1744368582781 0.7893325867495251 97
1744368844631 0.7827178650452739 98
1744369109078 0.7911908149918311 99
1744369373340 0.8000844074788783 100
1744369637553 0.7938849141220252 101
1744369901893 0.7925868660637307 102
1744370166298 0.796087714095323 103
1744370430607 0.7914354706379965 104
1744370694120 0.7963621962492572 105
1744370957733 0.7978251222605915 106
1744371220010 0.7745558794218975 107
1744371482879 0.7935534457155048 108
1744371745836 0.7757271797542615 109
1744372008912 0.7593359953041241 110
1744372272027 0.7890001642942077 111
1744372533731 0.7961812642565427 112
1744372797399 0.7871236771843981 113
1744373061559 0.785194796998353 114
1744373325738 0.7727346808526786 115
1744373590039 0.7877254075366709 116
1744373853315 0.7877383370495805 117
1744374116621 0.7879750273020615 118
1744374378906 0.7994277697271766 119
1744374640425 0.7957876943009548 120
1744374903949 0.7919941005483353 121
1744375167419 0.7958032030775373 122
1744375433521 0.7977535986869816 123
1744375693440 0.8003328979277751 124
1744375953244 0.7865410125931936 125
1744376213687 0.788518215206503 126
1744376473159 0.7946989612998446 127
1744376732989 0.8014090647682047 128
1744376992822 0.7833962091206196 129
1744377252922 0.7929594014161213 130
1744377514393 0.7737045894563291 131
1744377777469 0.7888214103786326 132
1744378044417 0.7902142201733098 133
1744378307942 0.7821209759986161 134
1744378569607 0.790834803611203 135
1744378831310 0.7773550824851179 136
1744379093193 0.7949671253812259 137
1744379357378 0.7969351264661191 138
1744379619770 0.7857049927160733 139
1744379882420 0.7936543865222749 140
1744380146932 0.7953025257688568 141
1744380408103 0.7900090343026771 142
1744380670395 0.790279337704145 143
1744380934491 0.7922027973082723 144
1744381197030 0.800111673989111 145
1744381462275 0.7881190052559479 146
1744381726088 0.793498776197252 147
1744381990058 0.797628987869382 148
1744382255622 0.7745540814193886 149
1744382518238 0.784208247522903 150
1744382780411 0.8044306412439403 151
1744383042839 0.7785143827849318 152
1744383305231 0.7921410964886479 153
1744383568008 0.7963064622078767 154
1744383832431 0.7758379596419884 155
1744384094948 0.7993131411339519 156
1744384358871 0.7866464198431636 157
1744384626562 0.7839241974046858 158
1744384890496 0.7802034753318324 159
1744385155061 0.786876987154383 160
1744385419968 0.7910225729511828 161
1744385685368 0.797892248248645 162
1744385949096 0.7941918750159388 163
