1744343184141 0.13186704372730287 0
1744343444413 0.3678316730850989 1
1744343705598 0.5782145192423059 2
1744343966374 0.6067584625077268 3
1744344227910 0.6037551314903411 4
1744344489220 0.6468581275578468 5
1744344749807 0.6832934781862839 6
1744345012223 0.6989494316510779 7
1744345275372 0.6950004493411026 8
1744345536409 0.7158435989179509 9
1744345797235 0.7233801277764403 10
1744346058973 0.7185112151105195 11
1744346319416 0.7277936923015518 12
1744346580695 0.7493170480867803 13
1744346842069 0.731907253817693 14
1744347103706 0.714363275452769 15
1744347366342 0.7385027225651969 16
1744347627817 0.7497346554788422 17
1744347890188 0.7433713787665512 18
1744348151653 0.7596075347678528 19
1744348413447 0.7592440093829284 20
1744348674902 0.7641755446219414 21
1744348937403 0.7555424798458507 22
1744349199420 0.7645503920371197 23
1744349460836 0.7612073997725556 24
1744349722838 0.7634255765362092 25
1744349983088 0.7686590149624674 26
1744350244297 0.7627061451250253 27
1744350504552 0.768749076283019 28
1744350765238 0.7723986677356025 29
1744351025876 0.7685913770577233 30
1744351287453 0.7815463152926228 31
1744351548989 0.7696133890601038 32
1744351810213 0.7734449321381082 33
1744352071838 0.7862213657731411 34
1744352333445 0.7803523560485928 35
1744352596290 0.7700934056664159 36
1744352860159 0.7831979655857753 37
1744353123821 0.7818843328485171 38
1744353386487 0.7775419183511054 39
1744353648933 0.7767702457214105 40
1744353912062 0.778499601097831 41
1744354175025 0.7868173333765662 42
1744354438170 0.7689181714378115 43
1744354700848 0.76629070789509 44
1744354963673 0.7879416103868963 45
1744355225157 0.7741120402478543 46
1744355486994 0.7781946849342618 47
1744355750726 0.7713333956664475 48
1744356012793 0.7904724712571091 49
1744356274810 0.7836725269765797 50
1744356536462 0.780653947313187 51
1744356796773 0.7708054901457877 52
1744357060041 0.7844546895650911 53
1744357323013 0.7798312608789267 54
1744357584916 0.7806902360748051 55
1744357846783 0.7729168541985392 56
1744358108779 0.7783951028105045 57
1744358370001 0.7815943227360199 58
1744358633003 0.7913653727439953 59
1744358893721 0.7890296994483379 60
1744359155782 0.7916681565184552 61
1744359416996 0.7868621958094653 62
1744359679429 0.7938689647607634 63
1744359942970 0.7924598712383418 64
1744360204813 0.7913749656476928 65
1744360467059 0.7902922378210736 66
1744360729233 0.8016466839371487 67
1744360991294 0.7566371594068871 68
1744361252991 0.7878926808374405 69
1744361516880 0.7882856463216216 70
1744361778896 0.7941843191134562 71
1744362040175 0.7975257103258458 72
1744362302194 0.7957382160499752 73
1744362565258 0.7940089915752467 74
1744362827118 0.7937468399640143 75
1744363088596 0.7998728930907254 76
1744363350470 0.7916471916222143 77
1744363611963 0.7929624774303798 78
1744363873171 0.7794656821731771 79
1744364134763 0.7819925698786236 80
1744364396419 0.802884577625815 81
1744364657023 0.7935332438266515 82
1744364918360 0.7842708802021658 83
1744365179076 0.7865549149907056 84
1744365439993 0.7836367968055445 85
1744365701461 0.7980009608388774 86
1744365963328 0.7988136411175089 87
1744366225871 0.8006060103285734 88
1744366488673 0.8011209358790904 89
1744366751517 0.7995386921229823 90
1744367013839 0.7876406366536546 91
1744367275597 0.7753489721889664 92
1744367537868 0.7921325364521796 93
1744367798800 0.7997764875266041 94
1744368059953 0.7876237599425224 95
1744368321561 0.7963406615268434 96
1744368582779 0.7893325867492166 97
1744368844630 0.7827178650449582 98
1744369109077 0.7911908149915331 99
1744369373339 0.8000844074786022 100
1744369637552 0.7938849141217448 101
1744369901892 0.7925868660634358 102
1744370166296 0.796087714095039 103
1744370430605 0.7914354706376975 104
1744370694119 0.7963621962489666 105
1744370957731 0.7978251222603113 106
1744371220008 0.7745558794215538 107
1744371482877 0.7935534457152054 108
1744371745835 0.7757271797539305 109
1744372008910 0.7593359953037492 110
1744372272026 0.7890001642939035 111
1744372533729 0.7961812642562515 112
1744372797397 0.7871236771840917 113
1744373061557 0.7851947969980426 114
1744373325737 0.7727346808523378 115
1744373590038 0.7877254075363608 116
1744373853314 0.787738337049271 117
1744374116619 0.787975027301761 118
1744374378904 0.7994277697268948 119
1744374640424 0.7957876943006659 120
1744374903948 0.7919941005480371 121
1744375167418 0.7958032030772457 122
1744375433519 0.7977535986867014 123
1744375693439 0.8003328979274936 124
1744375953242 0.786541012592882 125
1744376213686 0.788518215206201 126
1744376473157 0.7946989612995533 127
1744376732988 0.8014090647679301 128
1744376992820 0.7833962091202978 129
1744377252921 0.7929594014158197 130
1744377514391 0.7737045894559877 131
1744377777467 0.7888214103783275 132
1744378044416 0.7902142201730128 133
1744378307941 0.7821209759982978 134
1744378569605 0.7908348036109057 135
1744378831308 0.7773550824847869 136
1744379093191 0.7949671253809337 137
1744379357377 0.7969351264658349 138
1744379619769 0.7857049927157617 139
1744379882419 0.7936543865219768 140
1744380146931 0.7953025257685629 141
1744380408101 0.7900090343023721 142
1744380670394 0.7902793377038543 143
1744380934489 0.7922027973079715 144
1744381197029 0.8001116739888249 145
1744381462274 0.7881190052556447 146
1744381726086 0.7934987761969556 147
1744381990057 0.7976289878690939 148
1744382255621 0.7745540814190561 149
1744382518236 0.7842082475225844 150
1744382780410 0.8044306412436691 151
1744383042837 0.778514382784602 152
1744383305230 0.7921410964883471 153
1744383568007 0.7963064622075922 154
1744383832430 0.7758379596416526 155
1744384094946 0.7993131411336717 156
1744384358870 0.7866464198428501 157
1744384626560 0.7839241974043677 158
1744384890494 0.7802034753315119 159
1744385155060 0.7868769871540741 160
1744385419967 0.7910225729508831 161
1744385685366 0.7978922482483575 162
1744385949095 0.7941918750156444 163
