1744343184142 0.07229152276003442 0
1744343444413 0.2306672924638929 1
1744343705599 0.41141578352607666 2
1744343966375 0.4403844933022015 3
1744344227911 0.4370622383874299 4
1744344489221 0.4838450447564536 5
1744344749808 0.523662929265866 6
1744345012224 0.5407927638000216 7
1744345275373 0.5368875647456204 8
1744345536410 0.5616749038431759 9
1744345797236 0.5709724256740314 10
1744346058974 0.5642420987965444 11
1744346319416 0.5761003813087457 12
1744346580696 0.6022368982589613 13
1744346842069 0.5806048999943928 14
1744347103707 0.5585549394967578 15
1744347366343 0.5886300360055976 16
1744347627818 0.6028404232685716 17
1744347890189 0.5949462670173812 18
1744348151653 0.6159482809388883 19
1744348413448 0.6147711512001522 20
1744348674903 0.6213531095156197 21
1744348937404 0.6106181646422768 22
1744349199421 0.6218345852537371 23
1744349460837 0.6175940778102528 24
1744349722839 0.6209762272140478 25
1744349983089 0.6276584009720474 26
1744350244298 0.6195682896623071 27
1744350504553 0.6275773838922956 28
1744350765239 0.6314667875402606 29
1744351025877 0.6270477585662048 30
1744351287454 0.644434324849551 31
1744351548990 0.6284546614054711 32
1744351810214 0.6338370371148785 33
1744352071839 0.6504582498564582 34
1744352333446 0.6422977829120107 35
1744352596291 0.6294475854675148 36
1744352860160 0.6461431766116154 37
1744353123822 0.6449384961035902 38
1744353386488 0.6385429576910224 39
1744353648934 0.6384401913588407 40
1744353912063 0.6408061025234031 41
1744354175026 0.6515193238047935 42
1744354438171 0.6277049147480231 43
1744354700849 0.6242621073879134 44
1744354963674 0.652721564436952 45
1744355225158 0.6345864735345067 46
1744355486995 0.6404453063783545 47
1744355750727 0.6316469495245292 48
1744356012794 0.6565194196343157 49
1744356274811 0.647030044778607 50
1744356536463 0.6432545531542698 51
1744356796774 0.630298748855909 52
1744357060042 0.6482900160341544 53
1744357323014 0.6416498050961438 54
1744357584917 0.6434431818622122 55
1744357846784 0.6337212027520611 56
1744358108780 0.6398381435733178 57
1744358370002 0.6452548782173495 58
1744358633004 0.6573400214722858 59
1744358893721 0.6546833367073088 60
1744359155783 0.6579872391691122 61
1744359416996 0.6511441796597333 62
1744359679430 0.6610604265262441 63
1744359942971 0.658970377500761 64
1744360204814 0.6577161846940056 65
1744360467060 0.6559007930818987 66
1744360729234 0.6714068216331125 67
1744360991295 0.6139003940514595 68
1744361252992 0.652312605196034 69
1744361516881 0.6533585147705484 70
1744361778897 0.6613815048905393 71
1744362040176 0.6663805477263809 72
1744362302195 0.6635031988680783 73
1744362565259 0.6609513139282034 74
1744362827119 0.6608331827435188 75
1744363088597 0.6690139927434519 76
1744363350471 0.6585789954995892 77
1744363611964 0.6597063652557792 78
1744363873172 0.6418326373302267 79
1744364134764 0.6453805926931576 80
1744364396419 0.6732975952449541 81
1744364657023 0.6606198922353514 82
1744364918361 0.6480511273997263 83
1744365179077 0.6513874909086411 84
1744365439994 0.647574940374899 85
1744365701462 0.66691475593566 86
1744365963329 0.6673170072621372 87
1744366225872 0.670471164742698 88
1744366488673 0.6707166137619572 89
1744366751518 0.6687737613345516 90
1744367013840 0.6532728152036223 91
1744367275598 0.6371899612122564 92
1744367537868 0.6584648048173031 93
1744367798801 0.6690385038903929 94
1744368059954 0.6527096343761128 95
1744368321562 0.6647063029833521 96
1744368582780 0.6547568030458375 97
1744368844631 0.6459216240672435 98
1744369109078 0.6574399213056077 99
1744369373340 0.6693294495921017 100
1744369637552 0.6605332290137855 101
1744369901893 0.6589304265160868 102
1744370166297 0.6637299452457825 103
1744370430606 0.6574960443110216 104
1744370694120 0.6643506670675154 105
1744370957732 0.6663907332389942 106
1744371220009 0.635732268402844 107
1744371482878 0.6605107886749988 108
1744371745836 0.63701863480325 109
1744372008911 0.6168366964002151 110
1744372272027 0.6547066258602229 111
1744372533730 0.6640027163685395 112
1744372797398 0.6519993861392598 113
1744373061558 0.6491358377000412 114
1744373325738 0.6330894673694734 115
1744373590039 0.6528031549059208 116
1744373853315 0.6531165525492656 117
1744374116620 0.6530990053090853 118
1744374378905 0.6686850709011903 119
1744374640425 0.663036098438641 120
1744374903949 0.6583785106339495 121
1744375167419 0.663515267005784 122
1744375433520 0.666248793827 123
1744375693439 0.6697684637778957 124
1744375953243 0.6513783921436656 125
1744376213687 0.6537758561451497 126
1744376473158 0.6619277387177689 127
1744376732989 0.6709388237109991 128
1744376992821 0.6474692270269508 129
1744377252922 0.6600433846799254 130
1744377514392 0.6349031152838477 131
1744377777468 0.6545443295847267 132
1744378044416 0.6558314343451005 133
1744378307942 0.645392924162499 134
1744378569606 0.6570056708855111 135
1744378831309 0.6390195676089413 136
1744379093192 0.6626523654405544 137
1744379357377 0.6651945012866389 138
1744379619770 0.6500123397034179 139
1744379882420 0.6605713314940239 140
1744380146932 0.663440092970926 141
1744380408102 0.655728738373748 142
1744380670395 0.656048683085395 143
1744380934490 0.6591881001867905 144
1744381197029 0.6695479147813233 145
1744381462275 0.6538087983740917 146
1744381726087 0.6605654894857403 147
1744381990058 0.6658590869629846 148
1744382255622 0.6348886271799556 149
1744382518237 0.6480373937260383 150
1744382780410 0.6753269368573989 151
1744383042838 0.6404977014786621 152
1744383305231 0.6586282599470704 153
1744383568008 0.6644007089389343 154
1744383832431 0.637752043233582 155
1744384094947 0.6685208493323774 156
1744384358871 0.6515248330500617 157
1744384626561 0.6481559998439351 158
1744384890495 0.6428139331648386 159
1744385155061 0.6518006023791938 160
1744385419968 0.657199949973275 161
1744385685367 0.6664827988802885 162
1744385949096 0.6614497059593724 163
