1744327275046 0.6214592065525784 0
1744327500599 0.6793337076327772 1
1744327724625 0.6657629464202612 2
1744327947078 0.6677548499933141 3
1744328170751 0.7281590211201451 4
1744328394572 0.7178401644530001 5
1744328617727 0.7211375981683531 6
1744328841803 0.7264323726545702 7
1744329066945 0.7224997203468293 8
1744329292959 0.7601081275238095 9
1744329526475 0.7667081146585333 10
1744329762110 0.770241343882462 11
1744330001404 0.7674655054605648 12
1744330239599 0.7427167812565462 13
1744330475282 0.7716154097626354 14
1744330712718 0.7677531650696526 15
1744330951221 0.7796155617116431 16
1744331188871 0.7819736423257233 17
1744331425948 0.7815124251423258 18
1744331663808 0.793287287616445 19
1744331904832 0.7841011544210726 20
1744332139299 0.7918332898616484 21
1744332376595 0.7860441912648806 22
1744332611622 0.7892683437777831 23
1744332846056 0.792146433696422 24
1744333083873 0.793361512253822 25
1744333319483 0.7900036724690418 26
1744333554392 0.7991924380473364 27
1744333789906 0.8013704780255507 28
1744334028348 0.7848666646946265 29
1744334267157 0.7920955773578595 30
1744334506129 0.7901456958053426 31
1744334745913 0.7978704539630421 32
1744334985164 0.7938441534429365 33
1744335223514 0.8014600119537215 34
1744335460158 0.7957130236249548 35
1744335691046 0.8053051644138555 36
1744335918650 0.8015460412539624 37
1744336145912 0.8005216258839996 38
1744336373773 0.801788590223602 39
1744336601892 0.8060572862992912 40
1744336829902 0.7964240881160976 41
1744337059732 0.7991420278924825 42
1744337286791 0.8062850543847615 43
1744337513636 0.7966812452855112 44
1744337739350 0.795131361554051 45
1744337966534 0.8010142771127435 46
1744338195640 0.8045651404258356 47
1744338421805 0.8008105542977634 48
1744338649216 0.8022464191001053 49
1744338875734 0.7887949095662922 50
1744339102687 0.7900721240483922 51
1744339333773 0.8000764834629998 52
1744339560968 0.7997749217049397 53
1744339789267 0.8040070214562349 54
1744340019404 0.8062705723167055 55
1744340247474 0.8050838639448447 56
1744340475337 0.7966978296841021 57
1744340708384 0.8100375308396477 58
1744340935758 0.7972276535768298 59
1744341164242 0.7969270460361193 60
1744341392453 0.8091842164482608 61
1744341628665 0.809030762813442 62
1744341858674 0.8040516556889931 63
1744342087716 0.8123319398151287 64
1744342315515 0.8107353651238423 65
1744342544323 0.8079637918786693 66
1744342773427 0.804130856897348 67
1744343000438 0.7999296561094169 68
1744343228425 0.80503998391017 69
1744343458367 0.8104778852347004 70
1744343686188 0.8070312639908738 71
1744343914242 0.8064080887320378 72
1744344143606 0.7925034493761323 73
1744344375523 0.8054661044588418 74
1744344611175 0.8067606923518567 75
1744344839718 0.8023113523259614 76
1744345069601 0.8055522530363594 77
1744345297269 0.8035917395813885 78
1744345528590 0.7995880180059891 79
1744345757481 0.812583386409532 80
1744345986883 0.8098374306182707 81
1744346217146 0.8096012442039892 82
1744346445238 0.7980196010977383 83
1744346675752 0.811472200121693 84
1744346903826 0.8120021470592035 85
1744347134295 0.7989006575049734 86
1744347362351 0.8043746962829728 87
1744347591915 0.7946889410097576 88
1744347829724 0.8076407251475948 89
1744348060169 0.8039133577195702 90
1744348289005 0.8001704773321253 91
1744348518219 0.7992610550830203 92
1744348746676 0.7988138943016697 93
1744348974474 0.8083348230601105 94
1744349205063 0.8037613544314044 95
1744349434739 0.8061016877820645 96
1744349664240 0.8042501591559207 97
1744349898695 0.8017553848371254 98
1744350129328 0.8077321934787218 99
1744350358918 0.7994653792511518 100
1744350590403 0.8067958539445947 101
1744350823275 0.8058611663852163 102
1744351055645 0.8043719518744032 103
1744351286105 0.8036242957564111 104
1744351515841 0.8078883337719915 105
1744351745028 0.8085097405508863 106
1744351972832 0.8038732981603267 107
1744352204588 0.7960639644549203 108
1744352433672 0.8018548383167423 109
1744352666524 0.806900031433852 110
1744352900320 0.8044772027132341 111
1744353131963 0.7978390947382947 112
1744353363618 0.8012513686221283 113
1744353593030 0.806074396552173 114
1744353820934 0.8020317470537822 115
1744354054481 0.8052626355784099 116
1744354289547 0.7911060072043625 117
1744354519474 0.7952838535992793 118
1744354749769 0.8075107225466741 119
1744354990513 0.8029836562814059 120
1744355224995 0.7982750592416993 121
1744355454584 0.8014304000105509 122
1744355683188 0.8007619145146144 123
1744355911571 0.7988920834658814 124
1744356143810 0.8100180581991131 125
1744356372935 0.8063299706149678 126
1744356604693 0.7969525869034061 127
1744356833298 0.8005676683041313 128
1744357061343 0.8049301640852806 129
1744357289526 0.8045432136401865 130
1744357517639 0.8056346247125212 131
1744357746480 0.8018783965819085 132
1744357974419 0.8064130798606464 133
1744358203984 0.802937088127377 134
1744358434549 0.8119039767556024 135
1744358663201 0.8022835137535747 136
1744358891739 0.8071701817966117 137
1744359121867 0.8068912646731706 138
1744359349433 0.8021022090546974 139
1744359575864 0.8026822532344595 140
1744359801858 0.8058766347586525 141
1744360030266 0.8011360924049437 142
1744360258061 0.8011764924108437 143
1744360483868 0.8043151550208336 144
1744360709350 0.8006357183303763 145
1744360935231 0.8018978348960404 146
1744361161855 0.8063570632719452 147
1744361388832 0.8054185588183188 148
1744361615600 0.8021242923607649 149
1744361842624 0.8004036774274311 150
1744362069473 0.8025695576753581 151
1744362295804 0.8070279748325249 152
1744362522522 0.8032188557247248 153
1744362748977 0.8107051848377503 154
1744362975995 0.8042699235295255 155
1744363202865 0.7996322501201669 156
1744363429086 0.8068240808933649 157
1744363655964 0.80192078620987 158
1744363882659 0.7958110649023049 159
1744364109133 0.8042143970656207 160
1744364336107 0.8036229582172488 161
1744364562753 0.8007916905984467 162
1744364791515 0.8080795855295823 163
1744365019027 0.8100239635902315 164
1744365246637 0.8018436193205254 165
1744365474118 0.8034321222533021 166
1744365702008 0.8048164963034603 167
1744365929800 0.8052944753869604 168
1744366157619 0.7979352104166907 169
1744366384438 0.7999341988513009 170
1744366610808 0.7929368285650608 171
1744366837388 0.8020646012333316 172
1744367063635 0.8053320948994576 173
1744367290513 0.8015962313190286 174
1744367516523 0.7986590999441853 175
1744367743257 0.7993662987809554 176
1744367970460 0.8032003955182868 177
1744368199172 0.8062083884591182 178
1744368427414 0.8098523584514463 179
1744368656038 0.8026739840406789 180
1744368884720 0.8028260477239535 181
1744369112083 0.809083752244635 182
1744369340684 0.8014744803211226 183
1744369569227 0.8080331540415954 184
1744369796304 0.7996734243591952 185
1744370025253 0.8041034991261617 186
