1744327275045 0.6214592065521658 0
1744327500597 0.6793337076324049 1
1744327724624 0.6657629464199174 2
1744327947077 0.6677548499929773 3
1744328170750 0.728159021119807 4
1744328394571 0.7178401644526737 5
1744328617724 0.7211375981680395 6
1744328841802 0.7264323726542448 7
1744329066943 0.7224997203465207 8
1744329292957 0.7601081275234938 9
1744329526474 0.7667081146582262 10
1744329762108 0.7702413438821626 11
1744330001402 0.7674655054602507 12
1744330239597 0.7427167812561686 13
1744330475281 0.7716154097623275 14
1744330712716 0.7677531650693374 15
1744330951219 0.7796155617113436 16
1744331188869 0.7819736423254297 17
1744331425946 0.7815124251420228 18
1744331663806 0.7932872876161684 19
1744331904830 0.7841011544207781 20
1744332139297 0.7918332898613752 21
1744332376593 0.7860441912645895 22
1744332611620 0.7892683437775017 23
1744332846054 0.7921464336961467 24
1744333083871 0.793361512253543 25
1744333319481 0.7900036724687398 26
1744333554390 0.7991924380470675 27
1744333789904 0.8013704780252747 28
1744334028347 0.784866664694319 29
1744334267155 0.7920955773575706 30
1744334506127 0.7901456958050567 31
1744334745912 0.7978704539627707 32
1744334985162 0.7938441534426555 33
1744335223512 0.8014600119534494 34
1744335460156 0.7957130236246793 35
1744335691044 0.8053051644135895 36
1744335918648 0.8015460412536852 37
1744336145910 0.800521625883725 38
1744336373771 0.8017885902233328 39
1744336601890 0.8060572862990186 40
1744336829901 0.7964240881158259 41
1744337059730 0.7991420278922006 42
1744337286790 0.8062850543845 43
1744337513634 0.7966812452852318 44
1744337739348 0.7951313615537673 45
1744337966532 0.801014277112474 46
1744338195638 0.8045651404255761 47
1744338421803 0.8008105542974964 48
1744338649214 0.8022464190998359 49
1744338875732 0.7887949095659937 50
1744339102685 0.7900721240480902 51
1744339333772 0.8000764834627334 52
1744339560966 0.7997749217046581 53
1744339789265 0.8040070214559621 54
1744340019402 0.8062705723164492 55
1744340247472 0.8050838639445729 56
1744340475336 0.7966978296838118 57
1744340708382 0.8100375308393926 58
1744340935756 0.7972276535765568 59
1744341164241 0.7969270460358352 60
1744341392451 0.8091842164479945 61
1744341628664 0.8090307628131685 62
1744341858673 0.8040516556887285 63
1744342087715 0.8123319398148794 64
1744342315513 0.8107353651235826 65
1744342544321 0.8079637918784024 66
1744342773426 0.8041308568970752 67
1744343000437 0.7999296561091291 68
1744343228424 0.8050399839098936 69
1744343458365 0.8104778852344365 70
1744343686187 0.8070312639906128 71
1744343914240 0.8064080887317684 72
1744344143604 0.7925034493758507 73
1744344375521 0.8054661044585754 74
1744344611173 0.8067606923515956 75
1744344839716 0.802311352325694 76
1744345069599 0.8055522530360975 77
1744345297267 0.80359173958111 78
1744345528588 0.799588018005724 79
1744345757479 0.8125833864092757 80
1744345986882 0.8098374306180094 81
1744346217145 0.8096012442037313 82
1744346445236 0.7980196010974487 83
1744346675751 0.8114722001214295 84
1744346903824 0.8120021470589498 85
1744347134293 0.7989006575046982 86
1744347362350 0.8043746962826956 87
1744347591914 0.7946889410094842 88
1744347829722 0.8076407251473369 89
1744348060167 0.8039133577193037 90
1744348289003 0.800170477331853 91
1744348518217 0.7992610550827365 92
1744348746674 0.7988138943014043 93
1744348974472 0.8083348230598467 94
1744349205061 0.8037613544311423 95
1744349434738 0.8061016877818002 96
1744349664239 0.8042501591556501 97
1744349898693 0.8017553848368467 98
1744350129326 0.807732193478461 99
1744350358916 0.799465379250863 100
1744350590401 0.8067958539443387 101
1744350823273 0.8058611663849488 102
1744351055644 0.8043719518741317 103
1744351286104 0.8036242957561407 104
1744351515839 0.8078883337717219 105
1744351745026 0.8085097405506267 106
1744351972831 0.8038732981600569 107
1744352204586 0.7960639644546249 108
1744352433670 0.8018548383164721 109
1744352666522 0.8069000314335782 110
1744352900318 0.8044772027129703 111
1744353131961 0.7978390947380042 112
1744353363616 0.8012513686218474 113
1744353593028 0.8060743965519073 114
1744353820932 0.8020317470535083 115
1744354054479 0.8052626355781385 116
1744354289545 0.7911060072040554 117
1744354519473 0.7952838535989873 118
1744354749767 0.8075107225464119 119
1744354990511 0.80298365628113 120
1744355224993 0.7982750592414098 121
1744355454583 0.8014304000102768 122
1744355683186 0.8007619145143465 123
1744355911570 0.7988920834656049 124
1744356143808 0.810018058198849 125
1744356372933 0.8063299706147068 126
1744356604691 0.7969525869031324 127
1744356833296 0.8005676683038574 128
1744357061341 0.8049301640850216 129
1744357289524 0.8045432136399243 130
1744357517637 0.805634624712259 131
1744357746478 0.8018783965816361 132
1744357974418 0.8064130798603749 133
1744358203982 0.802937088127104 134
1744358434547 0.8119039767553449 135
1744358663200 0.8022835137533135 136
1744358891737 0.8071701817963435 137
1744359121866 0.8068912646729041 138
1744359349431 0.80210220905442 139
1744359575862 0.8026822532341963 140
1744359801857 0.8058766347583858 141
1744360030264 0.8011360924046742 142
1744360258059 0.8011764924105655 143
1744360483867 0.8043151550205652 144
1744360709349 0.8006357183300976 145
1744360935229 0.8018978348957628 146
1744361161853 0.8063570632716803 147
1744361388830 0.8054185588180502 148
1744361615598 0.8021242923604968 149
1744361842622 0.8004036774271538 150
1744362069471 0.8025695576750834 151
1744362295802 0.8070279748322623 152
1744362522520 0.803218855724453 153
1744362748975 0.8107051848374927 154
1744362975994 0.8042699235292565 155
1744363202863 0.7996322501198853 156
1744363429085 0.806824080893097 157
1744363655963 0.801920786209606 158
1744363882657 0.7958110649020234 159
1744364109131 0.8042143970653531 160
1744364336105 0.8036229582169742 161
1744364562751 0.8007916905981796 162
1744364791513 0.8080795855293137 163
1744365019025 0.8100239635899734 164
1744365246635 0.8018436193202515 165
1744365474116 0.8034321222530281 166
1744365702007 0.8048164963031939 167
1744365929798 0.8052944753866992 168
1744366157617 0.7979352104164077 169
1744366384436 0.7999341988510227 170
1744366610807 0.7929368285647628 171
1744366837387 0.802064601233064 172
1744367063633 0.8053320948992002 173
1744367290511 0.8015962313187613 174
1744367516521 0.7986590999439048 175
1744367743255 0.7993662987806751 176
1744367970458 0.8032003955180208 177
1744368199170 0.8062083884588529 178
1744368427413 0.8098523584511891 179
1744368656037 0.8026739840404012 180
1744368884718 0.8028260477236756 181
1744369112081 0.8090837522443722 182
1744369340682 0.801474480320842 183
1744369569225 0.8080331540413358 184
1744369796302 0.7996734243589144 185
1744370025251 0.8041034991258879 186
