1744327275046 0.4531712505543204 0
1744327500598 0.5169308511473392 1
1744327724625 0.5012077226573178 2
1744327947078 0.5033023010507943 3
1744328170751 0.5754662044848504 4
1744328394572 0.5624852689674541 5
1744328617726 0.5665742203401163 6
1744328841803 0.5730855773914234 7
1744329066944 0.5680869919856962 8
1744329292958 0.6159363110120336 9
1744329526475 0.6246390815053677 10
1744329762109 0.6291396894432344 11
1744330001403 0.6257878615014474 12
1744330239598 0.5951772735174626 13
1744330475282 0.6312281262575746 14
1744330712717 0.6265571585859895 15
1744330951220 0.6420205987117975 16
1744331188870 0.6445404773518624 17
1744331425947 0.6442486301588366 18
1744331663807 0.6598172659458712 19
1744331904831 0.647448321465348 20
1744332139298 0.6578890112606705 21
1744332376594 0.6504804094880282 22
1744332611621 0.6544537831559265 23
1744332846055 0.6584292118013565 24
1744333083872 0.6600209320338901 25
1744333319482 0.6557247970908874 26
1744333554391 0.6681696435522888 27
1744333789905 0.6709034217832585 28
1744334028348 0.6488951973992438 29
1744334267156 0.6585566750644767 30
1744334506128 0.6556596822685176 31
1744334745913 0.6664260670074365 32
1744334985163 0.6607439064572784 33
1744335223513 0.6709637239523532 34
1744335460157 0.6631615692321755 35
1744335691045 0.6764662729183599 36
1744335918649 0.6713352177052829 37
1744336145911 0.6695530805258271 38
1744336373772 0.6718263836046137 39
1744336601891 0.6775515717265512 40
1744336829902 0.6641490307658927 41
1744337059731 0.6681151365685303 42
1744337286791 0.6780587639881827 43
1744337513635 0.6652258371861203 44
1744337739349 0.6624241127169548 45
1744337966533 0.6703524322257133 46
1744338195639 0.6757225442356004 47
1744338421804 0.6705373010184336 48
1744338649215 0.6723356014655789 49
1744338875733 0.6542801104173078 50
1744339102686 0.6554463483673306 51
1744339333773 0.6690321612478647 52
1744339560967 0.6693014111419262 53
1744339789266 0.6748118022147108 54
1744340019403 0.6775983077185751 55
1744340247473 0.6762524104656018 56
1744340475337 0.6648807911683449 57
1744340708383 0.6830997039241896 58
1744340935757 0.665243248448371 59
1744341164242 0.6651582784402433 60
1744341392452 0.682029713812042 61
1744341628665 0.6816886516110986 62
1744341858674 0.6748628872460332 63
1744342087715 0.6860430992183424 64
1744342315514 0.683979578666144 65
1744342544322 0.6799497506340458 66
1744342773427 0.6749983837159824 67
1744343000438 0.6692301304040513 68
1744343228425 0.6765312697001467 69
1744343458366 0.6838024313252824 70
1744343686188 0.6786200512335304 71
1744343914241 0.6782612530644321 72
1744344143605 0.6587131822674814 73
1744344375522 0.676585512130017 74
1744344611174 0.678343184119642 75
1744344839717 0.6725686912526954 76
1744345069600 0.6766900713640802 77
1744345297268 0.6742017367919871 78
1744345528589 0.6689849060516793 79
1744345757480 0.6869121635283474 80
1744345986883 0.6829584042701452 81
1744346217146 0.6824901812216294 82
1744346445237 0.6671200761524916 83
1744346675752 0.6850634835908822 84
1744346903825 0.6857446480996353 85
1744347134294 0.6674260658654383 86
1744347362351 0.6750429587234557 87
1744347591915 0.6616881438288683 88
1744347829723 0.679720184249257 89
1744348060168 0.6750249257119328 90
1744348289004 0.6697542084541824 91
1744348518218 0.6682566986984526 92
1744348746675 0.6674080801933698 93
1744348974473 0.6808983827122964 94
1744349205063 0.6745150669237742 95
1744349434739 0.6775646740371651 96
1744349664240 0.6749237949877602 97
1744349898694 0.6715891669541069 98
1744350129327 0.6799324661620554 99
1744350358917 0.6683631874751568 100
1744350590402 0.6785772385608202 101
1744350823274 0.6773167197568063 102
1744351055645 0.6753652867040577 103
1744351286105 0.6739983572887691 104
1744351515840 0.6803407451410136 105
1744351745027 0.681059837944156 106
1744351972831 0.6745137188818993 107
1744352204587 0.6638380669260924 108
1744352433671 0.6718512616718829 109
1744352666523 0.6790025041460416 110
1744352900319 0.6756738081979685 111
1744353131962 0.666409982583942 112
1744353363617 0.6711995649051538 113
1744353593029 0.677544237347412 114
1744353820933 0.6723540678071359 115
1744354054481 0.6763960315085599 116
1744354289546 0.6576379647179972 117
1744354519474 0.6629476555147822 118
1744354749768 0.6796083019654019 119
1744354990512 0.6734351034545548 120
1744355224994 0.6670162935021096 121
1744355454584 0.6713443033639045 122
1744355683187 0.6702180849214383 123
1744355911571 0.667704138502436 124
1744356143809 0.6832538969928567 125
1744356372934 0.6779342176815536 126
1744356604692 0.6647813302751163 127
1744356833297 0.6698819330022442 128
1744357061342 0.6757550233792081 129
1744357289525 0.6754036699384984 130
1744357517638 0.6767314973474332 131
1744357746479 0.6715379453138682 132
1744357974419 0.6781179982149057 133
1744358203983 0.6731704539086587 134
1744358434548 0.6857736563821433 135
1744358663201 0.6721664448996433 136
1744358891738 0.6794486551893018 137
1744359121867 0.6788621578887672 138
1744359349432 0.671939121165828 139
1744359575863 0.6728333033808944 140
1744359801858 0.6775513523631413 141
1744360030265 0.6708360960083222 142
1744360258060 0.6708262877909363 143
1744360483868 0.6753720809252118 144
1744360709350 0.6699853394864416 145
1744360935230 0.6719361672458665 146
1744361161854 0.6779286173799849 147
1744361388831 0.6767085838845833 148
1744361615599 0.6723455040424363 149
1744361842623 0.669986327378913 150
1744362069472 0.6731714876655934 151
1744362295803 0.6789130456849088 152
1744362522521 0.6736070667108599 153
1744362748976 0.6838972759381984 154
1744362975995 0.6749280425262788 155
1744363202864 0.6685180048379048 156
1744363429086 0.6784161494548522 157
1744363655964 0.6719263774937018 158
1744363882658 0.6637369374539811 159
1744364109132 0.6749695973445601 160
1744364336106 0.6743707965217025 161
1744364562752 0.6701888450635987 162
1744364791514 0.6806062465450462 163
1744365019026 0.6830126052659935 164
1744365246636 0.6714952360988319 165
1744365474117 0.6735124534322964 166
1744365702008 0.6756035224646051 167
1744365929799 0.676533115379095 168
1744366157618 0.6664104929499212 169
1744366384437 0.6688449306575909 170
1744366610808 0.6599176358188191 171
1744366837388 0.6719865617302664 172
1744367063634 0.6761623122520143 173
1744367290512 0.6713342594586461 174
1744367516522 0.6673418208794983 175
1744367743256 0.6680611746506127 176
1744367970459 0.6733952209997401 177
1744368199171 0.6777471930246537 178
1744368427414 0.6829404415865712 179
1744368656038 0.6728727365405908 180
1744368884719 0.6731381651914359 181
1744369112082 0.6815145353744194 182
1744369340683 0.671359527893082 183
1744369569226 0.6800906575025928 184
1744369796303 0.6689787012706886 185
1744370025253 0.6747120230850456 186
