1744269474419 1.2201013270198363e-05 0
1744269549160 9.995318056820588e-13 1
1744269623788 9.998225082309456e-13 2
1744269698082 9.998222417174902e-13 3
1744269772650 9.998225082309456e-13 4
1744269847060 9.998222417174902e-13 5
1744269921272 9.998225082309456e-13 6
1744269995576 9.998225082309456e-13 7
1744270069829 9.998225082309456e-13 8
1744270144053 9.998225082309456e-13 9
1744270218340 9.998225082309456e-13 10
1744270292603 9.998225082309456e-13 11
1744270366988 9.998225082309456e-13 12
1744270441341 9.998225082309456e-13 13
1744270515722 9.998225082309456e-13 14
1744270590074 9.998225082309456e-13 15
1744270664341 9.99821644901481e-13 16
1744270738565 9.998225082309456e-13 17
1744270812873 9.998225082309456e-13 18
1744270887222 9.998222417174902e-13 19
1744270961631 9.998225082309456e-13 20
1744271035904 9.998225082309456e-13 21
1744271110272 9.998225082309456e-13 22
1744271184438 9.998225082309456e-13 23
1744271258753 9.998225082309456e-13 24
1744271333247 9.998225082309456e-13 25
1744271407582 9.998225082309456e-13 26
1744271481938 9.998225082309456e-13 27
1744271556315 9.998225082309456e-13 28
1744271630567 9.998225082309456e-13 29
1744271705057 9.998225082309456e-13 30
1744271779410 9.998225082309456e-13 31
1744271853685 9.998225082309456e-13 32
1744271927929 9.998225082309456e-13 33
1744272002222 9.998225082309456e-13 34
1744272076633 9.998225082309456e-13 35
1744272150850 9.998225082309456e-13 36
1744272225233 9.998222327147272e-13 37
1744272299702 9.998225082309456e-13 38
1744272374044 9.998225082309456e-13 39
1744272448263 9.998225082309456e-13 40
1744272522740 9.998225082309456e-13 41
1744272597121 9.998222417174902e-13 42
1744272671327 9.998225082309456e-13 43
1744272745831 9.998222417174902e-13 44
1744272820270 9.998225082309456e-13 45
1744272894606 9.998222417174902e-13 46
1744272969058 9.998225082309456e-13 47
1744273043452 9.998225082309456e-13 48
1744273117879 9.998225082309456e-13 49
1744273192345 9.998225082309456e-13 50
1744273266627 9.998225082309456e-13 51
1744273340823 9.998222417174902e-13 52
1744273415169 9.998222417174902e-13 53
1744273489473 9.998225082309456e-13 54
1744273563847 9.998225082309456e-13 55
1744273638115 9.998225082309456e-13 56
1744273712522 9.998225082309456e-13 57
1744273786834 9.998225082309456e-13 58
1744273861102 9.998225082309456e-13 59
1744273935305 9.998225082309456e-13 60
1744274009650 9.998225082309456e-13 61
1744274084110 9.998225082309456e-13 62
1744274158350 9.998225082309456e-13 63
1744274232643 9.998225082309456e-13 64
1744274307092 9.998225082309456e-13 65
1744274381419 9.998225082309456e-13 66
1744274455829 9.998219572016771e-13 67
1744274530090 9.998225082309456e-13 68
1744274604343 9.998225082309456e-13 69
1744274678578 9.998225082309456e-13 70
1744274752877 9.998225082309456e-13 71
1744274827140 9.998222417174902e-13 72
1744274901459 9.998225082309456e-13 73
1744274975805 9.998222417174902e-13 74
1744275050097 9.998225082309456e-13 75
1744275124314 9.998225082309456e-13 76
1744275198683 9.998225082309456e-13 77
1744275273061 9.998225082309456e-13 78
1744275347897 9.998225082309456e-13 79
1744275422229 9.998225082309456e-13 80
1744275496531 9.998225082309456e-13 81
1744275570819 9.998225082309456e-13 82
1744275645129 9.998225082309456e-13 83
1744275719568 9.998225082309456e-13 84
1744275793962 9.998222417174902e-13 85
1744275868231 9.998225082309456e-13 86
1744275942508 9.998225082309456e-13 87
1744276016891 9.998225082309456e-13 88
1744276091185 9.998225082309456e-13 89
1744276165461 9.998225082309456e-13 90
1744276239774 9.998222417174902e-13 91
1744276314013 9.998225082309456e-13 92
1744276388288 9.998225082309456e-13 93
1744276462584 9.998225082309456e-13 94
1744276536832 9.998225082309456e-13 95
1744276611118 9.998225082309456e-13 96
1744276685394 9.998225082309456e-13 97
1744276759714 9.998225082309456e-13 98
1744276833947 9.998225082309456e-13 99
1744276908311 9.998225082309456e-13 100
1744276982829 9.998225082309456e-13 101
1744277057348 9.998225082309456e-13 102
1744277131772 9.998225082309456e-13 103
1744277206214 9.998225082309456e-13 104
1744277280436 9.998225082309456e-13 105
1744277354822 9.998225082309456e-13 106
1744277429162 9.998225082309456e-13 107
1744277503358 9.998225082309456e-13 108
1744277577574 9.998222327147272e-13 109
1744277651943 9.998225082309456e-13 110
1744277726328 9.998225082309456e-13 111
1744277800712 9.998225082309456e-13 112
1744277875084 9.998222327147272e-13 113
1744277949431 9.998225082309456e-13 114
1744278028140 9.998225082309456e-13 115
1744278102500 9.998225082309456e-13 116
1744278176968 9.998225082309456e-13 117
1744278251238 9.998225082309456e-13 118
1744278325696 9.998225082309456e-13 119
1744278400116 9.998225082309456e-13 120
1744278474462 9.998222417174902e-13 121
1744278548908 9.998225082309456e-13 122
1744278623211 9.998225082309456e-13 123
1744278697400 9.998216816917955e-13 124
1744278771687 9.998225082309456e-13 125
1744278845944 9.998225082309456e-13 126
1744278920211 9.998225082309456e-13 127
1744278994595 9.998225082309456e-13 128
1744279068992 9.998225082309456e-13 129
1744279143476 9.998225082309456e-13 130
1744279217825 9.998225082309456e-13 131
1744279292229 9.998225082309456e-13 132
1744279366581 9.998225082309456e-13 133
1744279440877 9.998222417174902e-13 134
1744279515263 9.998225082309456e-13 135
1744279589579 9.998225082309456e-13 136
1744279663971 9.998225082309456e-13 137
1744279738411 9.998225082309456e-13 138
1744279812792 9.998225082309456e-13 139
1744279887147 9.998219572016771e-13 140
1744279961392 9.998225082309456e-13 141
1744280035706 9.99822197420275e-13 142
1744280110007 9.998222417174902e-13 143
1744280184245 9.998225082309456e-13 144
1744280258560 9.998225082309456e-13 145
1744280332824 9.998225082309456e-13 146
1744280407268 9.998225082309456e-13 147
1744280481714 9.998225082309456e-13 148
1744280556021 9.998225082309456e-13 149
1744280630254 9.998225082309456e-13 150
1744280704570 9.998225082309456e-13 151
1744280778890 9.998225082309456e-13 152
1744280853262 9.998225082309456e-13 153
1744280927611 9.998225082309456e-13 154
1744281001938 9.998225082309456e-13 155
1744281076164 9.998225082309456e-13 156
1744281150501 9.998225082309456e-13 157
1744281224729 9.998225082309456e-13 158
1744281299049 9.998225082309456e-13 159
1744281373254 9.998225082309456e-13 160
1744281447770 9.998225082309456e-13 161
1744281522127 9.998222327147272e-13 162
1744281596393 9.998225082309456e-13 163
1744281670785 9.998225082309456e-13 164
1744281745036 9.998222417174902e-13 165
1744281819445 9.998225082309456e-13 166
1744281893718 9.998225082309456e-13 167
1744281968032 9.998225082309456e-13 168
1744282042261 9.998225082309456e-13 169
1744282116562 9.998222327147272e-13 170
1744282191144 9.998225082309456e-13 171
1744282265527 9.998225082309456e-13 172
1744282339793 9.998225082309456e-13 173
1744282414109 9.998222417174902e-13 174
1744282488580 9.998225082309456e-13 175
1744282562885 9.998225082309456e-13 176
1744282637152 9.998225082309456e-13 177
1744282711414 9.998225082309456e-13 178
1744282785857 9.998225082309456e-13 179
1744282860190 9.998225082309456e-13 180
1744282934570 9.998225082309456e-13 181
1744283008913 9.998225082309456e-13 182
1744283083135 9.998225082309456e-13 183
1744283157407 9.998225082309456e-13 184
1744283231720 9.998225082309456e-13 185
1744283305966 9.998225082309456e-13 186
1744283380362 9.998225082309456e-13 187
1744283454698 9.998225082309456e-13 188
1744283528971 9.998225082309456e-13 189
1744283603340 9.998222327147272e-13 190
1744283677649 9.998225082309456e-13 191
1744283752141 9.998225082309456e-13 192
1744283826456 9.998225082309456e-13 193
1744283900772 9.998225082309456e-13 194
1744283975089 9.99821406185082e-13 195
1744284049492 9.998225082309456e-13 196
1744284123767 9.998225082309456e-13 197
1744284198190 9.998225082309456e-13 198
1744284272679 9.998225082309456e-13 199
1744284347156 9.998225082309456e-13 200
1744284421577 9.998222417174902e-13 201
1744284495810 9.998225082309456e-13 202
1744284570163 9.998222417174902e-13 203
1744284644492 9.998225082309456e-13 204
1744284718964 9.998225082309456e-13 205
1744284793264 9.998225082309456e-13 206
1744284867609 9.998225082309456e-13 207
1744284941949 9.998225082309456e-13 208
1744285016362 9.998225082309456e-13 209
1744285090770 9.998225082309456e-13 210
1744285165133 9.998225082309456e-13 211
1744285239483 9.998222417174902e-13 212
1744285313797 9.998225082309456e-13 213
1744285388139 9.998225082309456e-13 214
1744285462363 9.998225082309456e-13 215
1744285536697 9.998225082309456e-13 216
1744285611008 9.998225082309456e-13 217
1744285685383 9.998225082309456e-13 218
1744285759698 9.998225082309456e-13 219
1744285833880 9.998225082309456e-13 220
1744285908210 9.998225082309456e-13 221
1744285982495 9.998225082309456e-13 222
1744286056771 9.998225082309456e-13 223
1744286131047 9.998203041899098e-13 224
1744286205316 9.998225082309456e-13 225
1744286279730 9.998225082309456e-13 226
1744286354054 9.998225082309456e-13 227
1744286428488 9.998225082309456e-13 228
1744286502921 9.998225082309456e-13 229
1744286577281 9.998225082309456e-13 230
1744286651676 9.998225082309456e-13 231
1744286725998 9.998225082309456e-13 232
1744286800239 9.998222417174902e-13 233
1744286874438 9.998222417174902e-13 234
1744286948798 9.998225082309456e-13 235
1744287023023 9.998225082309456e-13 236
1744287097493 9.998225082309456e-13 237
1744287171733 9.998225082309456e-13 238
1744287246105 9.998225082309456e-13 239
1744287320408 9.998222417174902e-13 240
1744287394643 9.998225082309456e-13 241
1744287472669 9.998225082309456e-13 242
1744287547041 9.998222417174902e-13 243
1744287621372 9.998225082309456e-13 244
1744287695715 9.998225082309456e-13 245
1744287770029 9.998225082309456e-13 246
1744287844392 9.998225082309456e-13 247
1744287918588 9.998225082309456e-13 248
1744287992996 9.998225082309456e-13 249
1744288067277 9.998225082309456e-13 250
1744288141676 9.998225082309456e-13 251
1744288215996 9.998225082309456e-13 252
1744288290295 9.998225082309456e-13 253
1744288364591 9.998225082309456e-13 254
1744288438992 9.998225082309456e-13 255
1744288513197 9.998225082309456e-13 256
1744288587580 9.998225082309456e-13 257
1744288661934 9.998225082309456e-13 258
1744288736165 9.998222417174902e-13 259
1744288810522 9.998225082309456e-13 260
1744288884816 9.998225082309456e-13 261
1744288959226 9.998225082309456e-13 262
1744289033580 9.998222417174902e-13 263
1744289107814 9.998225082309456e-13 264
1744289182084 9.998225082309456e-13 265
1744289256586 9.998208551811596e-13 266
1744289330906 9.998222417174902e-13 267
1744289405215 9.998225082309456e-13 268
1744289479414 9.998225082309456e-13 269
1744289553852 9.998225082309456e-13 270
1744289628152 9.998225082309456e-13 271
1744289702626 9.998222327147272e-13 272
1744289776926 9.998225082309456e-13 273
1744289851180 9.998222417174902e-13 274
1744289925495 9.998225082309456e-13 275
1744289999948 9.998225082309456e-13 276
1744290074247 9.998225082309456e-13 277
1744290148574 9.998225082309456e-13 278
1744290222832 9.998222417174902e-13 279
1744290297130 9.998225082309456e-13 280
1744290371408 9.998225082309456e-13 281
1744290445630 9.998225082309456e-13 282
1744290519870 9.998225082309456e-13 283
1744290594138 9.998225082309456e-13 284
1744290668310 9.998225082309456e-13 285
1744290742733 9.998219572016771e-13 286
1744290817524 9.998225082309456e-13 287
1744290892153 9.998225082309456e-13 288
1744290966668 9.998225082309456e-13 289
1744291041244 9.998219572016771e-13 290
1744291118792 9.998225082309456e-13 291
1744291193276 9.998225082309456e-13 292
1744291268412 9.998225082309456e-13 293
1744291343045 9.998225082309456e-13 294
1744291417513 9.998225082309456e-13 295
1744291492208 9.998225082309456e-13 296
1744291566745 9.998225082309456e-13 297
1744291641250 9.998225082309456e-13 298
1744291715738 9.998225082309456e-13 299
