1744269474412 1.2201012301969497e-05 0
1744269549154 0.0 1
1744269623785 0.0 2
1744269698075 0.0 3
1744269772646 0.0 4
1744269847055 0.0 5
1744269921266 0.0 6
1744269995571 0.0 7
1744270069825 0.0 8
1744270144050 0.0 9
1744270218336 0.0 10
1744270292599 0.0 11
1744270366984 0.0 12
1744270441337 0.0 13
1744270515717 0.0 14
1744270590070 0.0 15
1744270664337 0.0 16
1744270738561 0.0 17
1744270812869 0.0 18
1744270887218 0.0 19
1744270961627 0.0 20
1744271035900 0.0 21
1744271110268 0.0 22
1744271184433 0.0 23
1744271258748 0.0 24
1744271333242 0.0 25
1744271407577 0.0 26
1744271481934 0.0 27
1744271556311 0.0 28
1744271630563 0.0 29
1744271705053 0.0 30
1744271779405 0.0 31
1744271853681 0.0 32
1744271927925 0.0 33
1744272002218 0.0 34
1744272076629 0.0 35
1744272150846 0.0 36
1744272225227 0.0 37
1744272299698 0.0 38
1744272374037 0.0 39
1744272448257 0.0 40
1744272522736 0.0 41
1744272597117 0.0 42
1744272671323 0.0 43
1744272745827 0.0 44
1744272820266 0.0 45
1744272894602 0.0 46
1744272969053 0.0 47
1744273043446 0.0 48
1744273117875 0.0 49
1744273192339 0.0 50
1744273266623 0.0 51
1744273340819 0.0 52
1744273415164 0.0 53
1744273489468 0.0 54
1744273563843 0.0 55
1744273638110 0.0 56
1744273712518 0.0 57
1744273786830 0.0 58
1744273861098 0.0 59
1744273935301 0.0 60
1744274009645 0.0 61
1744274084104 0.0 62
1744274158346 0.0 63
1744274232639 0.0 64
1744274307086 0.0 65
1744274381414 0.0 66
1744274455825 0.0 67
1744274530085 0.0 68
1744274604339 0.0 69
1744274678573 0.0 70
1744274752872 0.0 71
1744274827135 0.0 72
1744274901454 0.0 73
1744274975801 0.0 74
1744275050093 0.0 75
1744275124310 0.0 76
1744275198677 0.0 77
1744275273055 0.0 78
1744275347892 0.0 79
1744275422225 0.0 80
1744275496527 0.0 81
1744275570815 0.0 82
1744275645125 0.0 83
1744275719563 0.0 84
1744275793958 0.0 85
1744275868227 0.0 86
1744275942502 0.0 87
1744276016887 0.0 88
1744276091181 0.0 89
1744276165456 0.0 90
1744276239770 0.0 91
1744276314007 0.0 92
1744276388283 0.0 93
1744276462580 0.0 94
1744276536828 0.0 95
1744276611114 0.0 96
1744276685390 0.0 97
1744276759710 0.0 98
1744276833943 0.0 99
1744276908307 0.0 100
1744276982825 0.0 101
1744277057344 0.0 102
1744277131767 0.0 103
1744277206210 0.0 104
1744277280430 0.0 105
1744277354816 0.0 106
1744277429158 0.0 107
1744277503354 0.0 108
1744277577570 0.0 109
1744277651937 0.0 110
1744277726324 0.0 111
1744277800708 0.0 112
1744277875080 0.0 113
1744277949427 0.0 114
1744278028134 0.0 115
1744278102493 0.0 116
1744278176964 0.0 117
1744278251233 0.0 118
1744278325690 0.0 119
1744278400112 0.0 120
1744278474458 0.0 121
1744278548904 0.0 122
1744278623207 0.0 123
1744278697395 0.0 124
1744278771681 0.0 125
1744278845940 0.0 126
1744278920207 0.0 127
1744278994589 0.0 128
1744279068988 0.0 129
1744279143472 0.0 130
1744279217822 0.0 131
1744279292225 0.0 132
1744279366577 0.0 133
1744279440872 0.0 134
1744279515258 0.0 135
1744279589575 0.0 136
1744279663967 0.0 137
1744279738407 0.0 138
1744279812787 0.0 139
1744279887143 0.0 140
1744279961388 0.0 141
1744280035702 0.0 142
1744280110003 0.0 143
1744280184239 0.0 144
1744280258556 0.0 145
1744280332820 0.0 146
1744280407264 0.0 147
1744280481710 0.0 148
1744280556017 0.0 149
1744280630249 0.0 150
1744280704566 0.0 151
1744280778886 0.0 152
1744280853258 0.0 153
1744280927605 0.0 154
1744281001934 0.0 155
1744281076160 0.0 156
1744281150497 0.0 157
1744281224725 0.0 158
1744281299044 0.0 159
1744281373250 0.0 160
1744281447766 0.0 161
1744281522123 0.0 162
1744281596389 0.0 163
1744281670779 0.0 164
1744281745029 0.0 165
1744281819441 0.0 166
1744281893712 0.0 167
1744281968028 0.0 168
1744282042256 0.0 169
1744282116558 0.0 170
1744282191140 0.0 171
1744282265522 0.0 172
1744282339788 0.0 173
1744282414105 0.0 174
1744282488576 0.0 175
1744282562880 0.0 176
1744282637147 0.0 177
1744282711410 0.0 178
1744282785853 0.0 179
1744282860186 0.0 180
1744282934566 0.0 181
1744283008907 0.0 182
1744283083128 0.0 183
1744283157402 0.0 184
1744283231716 0.0 185
1744283305962 0.0 186
1744283380358 0.0 187
1744283454693 0.0 188
1744283528967 0.0 189
1744283603334 0.0 190
1744283677645 0.0 191
1744283752137 0.0 192
1744283826451 0.0 193
1744283900768 0.0 194
1744283975085 0.0 195
1744284049488 0.0 196
1744284123763 0.0 197
1744284198183 0.0 198
1744284272675 0.0 199
1744284347151 0.0 200
1744284421573 0.0 201
1744284495806 0.0 202
1744284570159 0.0 203
1744284644487 0.0 204
1744284718960 0.0 205
1744284793260 0.0 206
1744284867605 0.0 207
1744284941943 0.0 208
1744285016357 0.0 209
1744285090766 0.0 210
1744285165128 0.0 211
1744285239479 0.0 212
1744285313792 0.0 213
1744285388135 0.0 214
1744285462357 0.0 215
1744285536693 0.0 216
1744285611004 0.0 217
1744285685379 0.0 218
1744285759694 0.0 219
1744285833874 0.0 220
1744285908206 0.0 221
1744285982491 0.0 222
1744286056765 0.0 223
1744286131042 0.0 224
1744286205311 0.0 225
1744286279726 0.0 226
1744286354048 0.0 227
1744286428484 0.0 228
1744286502915 0.0 229
1744286577277 0.0 230
1744286651672 0.0 231
1744286725994 0.0 232
1744286800235 0.0 233
1744286874433 0.0 234
1744286948794 0.0 235
1744287023019 0.0 236
1744287097489 0.0 237
1744287171728 0.0 238
1744287246100 0.0 239
1744287320404 0.0 240
1744287394638 0.0 241
1744287472664 0.0 242
1744287547035 0.0 243
1744287621368 0.0 244
1744287695711 0.0 245
1744287770025 0.0 246
1744287844388 0.0 247
1744287918582 0.0 248
1744287992992 0.0 249
1744288067273 0.0 250
1744288141672 0.0 251
1744288215992 0.0 252
1744288290291 0.0 253
1744288364586 0.0 254
1744288438986 0.0 255
1744288513193 0.0 256
1744288587576 0.0 257
1744288661930 0.0 258
1744288736159 0.0 259
1744288810518 0.0 260
1744288884812 0.0 261
1744288959222 0.0 262
1744289033576 0.0 263
1744289107810 0.0 264
1744289182080 0.0 265
1744289256582 0.0 266
1744289330902 0.0 267
1744289405211 0.0 268
1744289479410 0.0 269
1744289553848 0.0 270
1744289628146 0.0 271
1744289702622 0.0 272
1744289776922 0.0 273
1744289851176 0.0 274
1744289925491 0.0 275
1744289999944 0.0 276
1744290074242 0.0 277
1744290148570 0.0 278
1744290222828 0.0 279
1744290297126 0.0 280
1744290371404 0.0 281
1744290445626 0.0 282
1744290519864 0.0 283
1744290594134 0.0 284
1744290668306 0.0 285
1744290742727 0.0 286
1744290817520 0.0 287
1744290892149 0.0 288
1744290966663 0.0 289
1744291041238 0.0 290
1744291118785 0.0 291
1744291193272 0.0 292
1744291268408 0.0 293
1744291343041 0.0 294
1744291417509 0.0 295
1744291492204 0.0 296
1744291566741 0.0 297
1744291641245 0.0 298
1744291715733 0.0 299
