1744269474417 6.100728893727432e-06 0
1744269549158 0.0 1
1744269623787 0.0 2
1744269698079 0.0 3
1744269772649 0.0 4
1744269847059 0.0 5
1744269921270 0.0 6
1744269995574 0.0 7
1744270069827 0.0 8
1744270144052 0.0 9
1744270218338 0.0 10
1744270292601 0.0 11
1744270366987 0.0 12
1744270441339 0.0 13
1744270515720 0.0 14
1744270590072 0.0 15
1744270664340 0.0 16
1744270738563 0.0 17
1744270812871 0.0 18
1744270887220 0.0 19
1744270961629 0.0 20
1744271035902 0.0 21
1744271110270 0.0 22
1744271184436 0.0 23
1744271258751 0.0 24
1744271333245 0.0 25
1744271407580 0.0 26
1744271481936 0.0 27
1744271556313 0.0 28
1744271630566 0.0 29
1744271705055 0.0 30
1744271779408 0.0 31
1744271853683 0.0 32
1744271927927 0.0 33
1744272002220 0.0 34
1744272076631 0.0 35
1744272150848 0.0 36
1744272225231 0.0 37
1744272299700 0.0 38
1744272374042 0.0 39
1744272448261 0.0 40
1744272522738 0.0 41
1744272597119 0.0 42
1744272671325 0.0 43
1744272745829 0.0 44
1744272820268 0.0 45
1744272894604 0.0 46
1744272969056 0.0 47
1744273043450 0.0 48
1744273117877 0.0 49
1744273192343 0.0 50
1744273266626 0.0 51
1744273340821 0.0 52
1744273415167 0.0 53
1744273489471 0.0 54
1744273563845 0.0 55
1744273638113 0.0 56
1744273712521 0.0 57
1744273786832 0.0 58
1744273861100 0.0 59
1744273935303 0.0 60
1744274009648 0.0 61
1744274084108 0.0 62
1744274158348 0.0 63
1744274232641 0.0 64
1744274307090 0.0 65
1744274381417 0.0 66
1744274455828 0.0 67
1744274530087 0.0 68
1744274604341 0.0 69
1744274678576 0.0 70
1744274752875 0.0 71
1744274827138 0.0 72
1744274901457 0.0 73
1744274975804 0.0 74
1744275050095 0.0 75
1744275124312 0.0 76
1744275198681 0.0 77
1744275273059 0.0 78
1744275347895 0.0 79
1744275422227 0.0 80
1744275496529 0.0 81
1744275570817 0.0 82
1744275645127 0.0 83
1744275719567 0.0 84
1744275793960 0.0 85
1744275868229 0.0 86
1744275942506 0.0 87
1744276016889 0.0 88
1744276091184 0.0 89
1744276165459 0.0 90
1744276239772 0.0 91
1744276314011 0.0 92
1744276388286 0.0 93
1744276462582 0.0 94
1744276536830 0.0 95
1744276611116 0.0 96
1744276685392 0.0 97
1744276759713 0.0 98
1744276833945 0.0 99
1744276908309 0.0 100
1744276982828 0.0 101
1744277057346 0.0 102
1744277131770 0.0 103
1744277206212 0.0 104
1744277280434 0.0 105
1744277354820 0.0 106
1744277429161 0.0 107
1744277503356 0.0 108
1744277577572 0.0 109
1744277651941 0.0 110
1744277726327 0.0 111
1744277800711 0.0 112
1744277875082 0.0 113
1744277949429 0.0 114
1744278028138 0.0 115
1744278102497 0.0 116
1744278176966 0.0 117
1744278251236 0.0 118
1744278325694 0.0 119
1744278400115 0.0 120
1744278474460 0.0 121
1744278548906 0.0 122
1744278623209 0.0 123
1744278697398 0.0 124
1744278771685 0.0 125
1744278845942 0.0 126
1744278920209 0.0 127
1744278994593 0.0 128
1744279068990 0.0 129
1744279143474 0.0 130
1744279217824 0.0 131
1744279292227 0.0 132
1744279366579 0.0 133
1744279440876 0.0 134
1744279515261 0.0 135
1744279589577 0.0 136
1744279663969 0.0 137
1744279738410 0.0 138
1744279812790 0.0 139
1744279887145 0.0 140
1744279961390 0.0 141
1744280035705 0.0 142
1744280110005 0.0 143
1744280184243 0.0 144
1744280258559 0.0 145
1744280332822 0.0 146
1744280407266 0.0 147
1744280481712 0.0 148
1744280556019 0.0 149
1744280630251 0.0 150
1744280704568 0.0 151
1744280778888 0.0 152
1744280853260 0.0 153
1744280927609 0.0 154
1744281001936 0.0 155
1744281076162 0.0 156
1744281150499 0.0 157
1744281224727 0.0 158
1744281299047 0.0 159
1744281373252 0.0 160
1744281447768 0.0 161
1744281522125 0.0 162
1744281596391 0.0 163
1744281670783 0.0 164
1744281745034 0.0 165
1744281819443 0.0 166
1744281893716 0.0 167
1744281968030 0.0 168
1744282042259 0.0 169
1744282116560 0.0 170
1744282191142 0.0 171
1744282265525 0.0 172
1744282339791 0.0 173
1744282414107 0.0 174
1744282488578 0.0 175
1744282562883 0.0 176
1744282637150 0.0 177
1744282711413 0.0 178
1744282785855 0.0 179
1744282860188 0.0 180
1744282934568 0.0 181
1744283008911 0.0 182
1744283083133 0.0 183
1744283157405 0.0 184
1744283231718 0.0 185
1744283305964 0.0 186
1744283380360 0.0 187
1744283454696 0.0 188
1744283528969 0.0 189
1744283603338 0.0 190
1744283677647 0.0 191
1744283752139 0.0 192
1744283826453 0.0 193
1744283900770 0.0 194
1744283975087 0.0 195
1744284049490 0.0 196
1744284123765 0.0 197
1744284198187 0.0 198
1744284272677 0.0 199
1744284347154 0.0 200
1744284421576 0.0 201
1744284495808 0.0 202
1744284570161 0.0 203
1744284644490 0.0 204
1744284718962 0.0 205
1744284793262 0.0 206
1744284867607 0.0 207
1744284941947 0.0 208
1744285016360 0.0 209
1744285090768 0.0 210
1744285165131 0.0 211
1744285239481 0.0 212
1744285313795 0.0 213
1744285388137 0.0 214
1744285462360 0.0 215
1744285536696 0.0 216
1744285611006 0.0 217
1744285685381 0.0 218
1744285759697 0.0 219
1744285833878 0.0 220
1744285908209 0.0 221
1744285982493 0.0 222
1744286056769 0.0 223
1744286131045 0.0 224
1744286205314 0.0 225
1744286279728 0.0 226
1744286354052 0.0 227
1744286428486 0.0 228
1744286502919 0.0 229
1744286577279 0.0 230
1744286651674 0.0 231
1744286725996 0.0 232
1744286800238 0.0 233
1744286874436 0.0 234
1744286948796 0.0 235
1744287023021 0.0 236
1744287097491 0.0 237
1744287171732 0.0 238
1744287246102 0.0 239
1744287320406 0.0 240
1744287394641 0.0 241
1744287472666 0.0 242
1744287547039 0.0 243
1744287621370 0.0 244
1744287695713 0.0 245
1744287770027 0.0 246
1744287844390 0.0 247
1744287918586 0.0 248
1744287992994 0.0 249
1744288067275 0.0 250
1744288141674 0.0 251
1744288215994 0.0 252
1744288290293 0.0 253
1744288364589 0.0 254
1744288438989 0.0 255
1744288513195 0.0 256
1744288587578 0.0 257
1744288661932 0.0 258
1744288736162 0.0 259
1744288810520 0.0 260
1744288884814 0.0 261
1744288959224 0.0 262
1744289033578 0.0 263
1744289107812 0.0 264
1744289182082 0.0 265
1744289256584 0.0 266
1744289330904 0.0 267
1744289405213 0.0 268
1744289479412 0.0 269
1744289553850 0.0 270
1744289628150 0.0 271
1744289702624 0.0 272
1744289776924 0.0 273
1744289851178 0.0 274
1744289925493 0.0 275
1744289999946 0.0 276
1744290074245 0.0 277
1744290148573 0.0 278
1744290222830 0.0 279
1744290297128 0.0 280
1744290371406 0.0 281
1744290445628 0.0 282
1744290519867 0.0 283
1744290594136 0.0 284
1744290668308 0.0 285
1744290742731 0.0 286
1744290817522 0.0 287
1744290892151 0.0 288
1744290966666 0.0 289
1744291041242 0.0 290
1744291118790 0.0 291
1744291193274 0.0 292
1744291268410 0.0 293
1744291343043 0.0 294
1744291417511 0.0 295
1744291492206 0.0 296
1744291566743 0.0 297
1744291641248 0.0 298
1744291715735 0.0 299
