1743985133919 30.747116088867188 0
1743985199466 20.961933135986328 1
1743985264763 30.76180648803711 2
1743985329389 30.765207290649414 3
1743985393654 30.767257690429688 4
1743985456916 30.771615982055664 5
1743985519906 30.77157211303711 6
1743985583562 30.771615982055664 7
1743985647533 30.753257751464844 8
1743985710657 30.771615982055664 9
1743985772924 30.771493911743164 10
1743985834956 30.771615982055664 11
1743985897316 30.771615982055664 12
1743985959653 30.771615982055664 13
1743986022002 30.771615982055664 14
1743986084686 30.771615982055664 15
1743986147531 30.771615982055664 16
1743986208707 30.771615982055664 17
1743986269171 30.771615982055664 18
1743986329863 30.771615982055664 19
1743986390439 30.771615982055664 20
1743986451053 30.771615982055664 21
1743986511557 30.771615982055664 22
1743986572211 30.771615982055664 23
1743986632768 30.771615982055664 24
1743986693247 30.771615982055664 25
1743986753803 30.771615982055664 26
1743986814317 30.771615982055664 27
1743986877111 30.771615982055664 28
1743986938777 30.771615982055664 29
1743987000092 30.771615982055664 30
1743987061509 30.771615982055664 31
1743987123361 30.771615982055664 32
1743987184645 30.771615982055664 33
1743987246259 30.771615982055664 34
1743987307974 30.771615982055664 35
1743987369354 30.771615982055664 36
1743987430632 30.771615982055664 37
1743987491293 30.771615982055664 38
1743987551704 30.771615982055664 39
1743987612144 30.771615982055664 40
1743987672564 30.771615982055664 41
1743987732967 30.771615982055664 42
1743987793482 30.771615982055664 43
1743987853814 30.771615982055664 44
1743987914212 30.771615982055664 45
1743987974591 30.771615982055664 46
1743988035049 30.771615982055664 47
1743988095580 30.771615982055664 48
1743988156059 30.771615982055664 49
1743988216557 30.771615982055664 50
1743988277122 30.771615982055664 51
1743988337542 30.771615982055664 52
1743988398069 30.771615982055664 53
1743988458624 30.771615982055664 54
1743988519123 30.771615982055664 55
1743988579439 30.771615982055664 56
1743988639722 30.771615982055664 57
1743988700138 30.771615982055664 58
1743988760596 30.771615982055664 59
1743988821075 30.771615982055664 60
1743988881473 30.771615982055664 61
1743988941961 30.771615982055664 62
1743989002366 30.771615982055664 63
1743989062747 30.771615982055664 64
1743989123366 30.771615982055664 65
1743989183934 30.771615982055664 66
1743989244434 30.771615982055664 67
1743989304890 30.771615982055664 68
1743989365710 30.771615982055664 69
1743989426309 30.771615982055664 70
1743989486586 30.771615982055664 71
1743989547182 30.771615982055664 72
1743989607885 30.771615982055664 73
1743989668521 30.771615982055664 74
1743989729030 30.771615982055664 75
1743989789735 30.771615982055664 76
1743989850289 30.771615982055664 77
1743989910885 30.771615982055664 78
1743989971511 30.771615982055664 79
1743990032117 30.771615982055664 80
1743990092708 30.771615982055664 81
1743990153539 30.771615982055664 82
1743990214017 30.771615982055664 83
