1743985134075 1.7392634617863223e-05 0
1743985199623 0.022448427975177765 1
1743985264919 0.00031011246028356254 2
1743985329548 8.344118396053091e-05 3
1743985393813 2.0752055206685327e-05 4
1743985457068 0.0 5
1743985520063 0.0 6
1743985583718 0.0 7
1743985647689 0.0020239748992025852 8
1743985710811 0.0 9
1743985773075 5.579220214713132e-06 10
1743985835113 0.0 11
1743985897468 0.0 12
1743985959810 0.0 13
1743986022167 0.0 14
1743986084845 0.0 15
1743986147685 0.0 16
1743986208859 0.0 17
1743986269324 0.0 18
1743986330015 0.0 19
1743986390590 0.0 20
1743986451206 0.0 21
1743986511709 0.0 22
1743986572363 0.0 23
1743986632920 0.0 24
1743986693398 0.0 25
1743986753955 0.0 26
1743986814470 0.0 27
1743986877263 0.0 28
1743986938929 0.0 29
1743987000244 0.0 30
1743987061661 0.0 31
1743987123513 0.0 32
1743987184798 0.0 33
1743987246410 0.0 34
1743987308127 0.0 35
1743987369506 0.0 36
1743987430785 0.0 37
1743987491445 0.0 38
1743987551855 0.0 39
1743987612296 0.0 40
1743987672716 0.0 41
1743987733121 0.0 42
1743987793635 0.0 43
1743987853967 0.0 44
1743987914364 0.0 45
1743987974743 0.0 46
1743988035201 0.0 47
1743988095733 0.0 48
1743988156212 0.0 49
1743988216709 0.0 50
1743988277275 0.0 51
1743988337695 0.0 52
1743988398221 0.0 53
1743988458776 0.0 54
1743988519275 0.0 55
1743988579592 0.0 56
1743988639875 0.0 57
1743988700291 0.0 58
1743988760749 0.0 59
1743988821228 0.0 60
1743988881627 0.0 61
1743988942114 0.0 62
1743989002518 0.0 63
1743989062900 0.0 64
1743989123518 0.0 65
1743989184087 0.0 66
1743989244586 0.0 67
1743989305042 0.0 68
1743989365863 0.0 69
1743989426460 0.0 70
1743989486738 0.0 71
1743989547335 0.0 72
1743989608036 0.0 73
1743989668674 0.0 74
1743989729182 0.0 75
1743989789886 0.0 76
1743989850441 0.0 77
1743989911038 0.0 78
1743989971664 0.0 79
1743990032270 0.0 80
1743990092860 0.0 81
1743990153690 0.0 82
1743990214169 0.0 83
