1744334850106 0.41709681022345046 0
1744334939888 0.5120682973928976 1
1744335031028 0.5437792120153034 2
1744335122700 0.5392081178521795 3
1744335213174 0.5335625829810366 4
1744335303823 0.5585942391334718 5
1744335394336 0.632622846901243 6
1744335485094 0.6209935836388002 7
1744335575914 0.6218897599336396 8
1744335667001 0.6404964076127428 9
1744335758946 0.6595047588017514 10
1744335850073 0.6234269949737307 11
1744335941916 0.6618727440583513 12
1744336033762 0.6677550654976636 13
1744336125303 0.6546333056462859 14
1744336216605 0.648839144260414 15
1744336308018 0.643663452019166 16
1744336399686 0.6791777450265774 17
1744336490959 0.6847574125988078 18
1744336581793 0.6556738546527447 19
1744336674577 0.6667234677450795 20
1744336765653 0.6888537957670532 21
1744336855626 0.6831852975415013 22
1744336945499 0.6667772161940909 23
1744337038357 0.6874589228817671 24
1744337130497 0.6877938899098055 25
1744337222623 0.6790429484330862 26
1744337315075 0.678788496859477 27
1744337407422 0.6792049103084516 28
1744337499531 0.6741988907227117 29
1744337591489 0.6877608374766377 30
1744337683118 0.664763281771195 31
1744337775500 0.6651691783308147 32
1744337867544 0.6867966735580975 33
1744337959520 0.6833730596194614 34
1744338051564 0.6671335734201467 35
1744338143696 0.6948387389639838 36
1744338235673 0.6645558367863738 37
1744338327691 0.6794129099953261 38
1744338419652 0.690318647862972 39
1744338511613 0.6950310723147524 40
1744338603536 0.7006625838285956 41
1744338695498 0.6837567046118158 42
1744338787260 0.6520903849483536 43
1744338879076 0.7001072381117777 44
1744338971281 0.6962317840233931 45
1744339063251 0.7000097558379864 46
1744339155206 0.6877984766367335 47
1744339247279 0.6892161237909126 48
1744339337868 0.6648022643432197 49
1744339428601 0.6915710881515155 50
1744339519356 0.6844076510637513 51
1744339610012 0.6946259893990812 52
1744339701056 0.6925449831038455 53
1744339791572 0.6890877133390525 54
1744339882216 0.689823416971638 55
1744339972914 0.6903716178940356 56
1744340063564 0.7034762281128559 57
1744340154480 0.6724885579464298 58
1744340245088 0.6967395997155248 59
1744340335606 0.6892295990545678 60
1744340426154 0.7102766953600624 61
1744340516885 0.6904824291553138 62
1744340607710 0.6881551441550229 63
1744340698743 0.6891094447357329 64
1744340789425 0.6986955046146736 65
1744340879967 0.7027119583321327 66
1744340970557 0.6756816388850705 67
1744341061265 0.6845805152194424 68
1744341152030 0.692316595772592 69
1744341242726 0.7147883593785035 70
1744341333324 0.699840885232658 71
1744341423927 0.691076254372109 72
1744341514560 0.6878602923372155 73
1744341605201 0.7039716634862316 74
1744341695766 0.7181753449413085 75
1744341786775 0.6989580515257592 76
1744341877594 0.6957060491420305 77
1744341968143 0.7026226784182041 78
1744342058283 0.7045655457462691 79
1744342145456 0.7067694895799035 80
1744342232393 0.7028215267175185 81
1744342319832 0.6778605885445618 82
1744342410268 0.6764371346382492 83
1744342498730 0.7072776479916607 84
1744342585699 0.708709179231609 85
1744342672735 0.7006410718895262 86
1744342761085 0.7182093255148 87
1744342851673 0.6805454832362211 88
1744342942400 0.6915854296702539 89
1744343032570 0.6642806171034678 90
1744343119725 0.6589900664003755 91
1744343206849 0.6755910100721181 92
1744343297136 0.7025006471849562 93
1744343387157 0.6689570532233289 94
1744343476847 0.6772595140154984 95
1744343567886 0.7043159133561173 96
1744343659070 0.6894155258157632 97
1744343750218 0.7012999905387761 98
1744343841264 0.7032689947463872 99
1744343932489 0.7015722459148435 100
1744344023988 0.7115891088960532 101
1744344115145 0.674873864181185 102
1744344206456 0.704742197319977 103
1744344297433 0.6854161310956516 104
1744344388731 0.6764380591391337 105
1744344480084 0.6899125101080468 106
1744344571128 0.675091986893616 107
1744344661491 0.6999305520378124 108
1744344751044 0.6786871414630392 109
1744344838554 0.7069121275896566 110
1744344925732 0.6812558007920455 111
1744345012909 0.7038160206195618 112
1744345100133 0.7097279664433762 113
1744345187123 0.6751030529580558 114
1744345273994 0.7111411908802169 115
1744345360932 0.6895569067905049 116
1744345447910 0.7029949067539581 117
1744345534741 0.669628077784429 118
1744345623246 0.6973180653844985 119
1744345710045 0.711916860334394 120
1744345799203 0.7086859237698115 121
