1744334850106 0.41709681022329836 0
1744334939888 0.51206829739275 1
1744335031024 0.5437792120151508 2
1744335122700 0.5392081178520304 3
1744335213170 0.5335625829808825 4
1744335303818 0.5585942391333218 5
1744335394332 0.6326228469011027 6
1744335485078 0.6209935836386574 7
1744335575914 0.6218897599334937 8
1744335666996 0.6404964076126007 9
1744335758942 0.6595047588016056 10
1744335850069 0.6234269949735971 11
1744335941912 0.6618727440581998 12
1744336033747 0.6677550654975228 13
1744336125299 0.6546333056461373 14
1744336216598 0.6488391442602804 15
1744336308013 0.6436634520190231 16
1744336399682 0.6791777450264392 17
1744336490955 0.6847574125986726 18
1744336581789 0.6556738546526084 19
1744336674572 0.6667234677449464 20
1744336765653 0.6888537957669165 21
1744336855622 0.6831852975413719 22
1744336945484 0.6667772161939597 23
1744337038341 0.6874589228816289 24
1744337130481 0.687793889909676 25
1744337222608 0.6790429484329521 26
1744337315061 0.6787884968593436 27
1744337407418 0.6792049103083272 28
1744337499516 0.6741988907225847 29
1744337591485 0.6877608374765115 30
1744337683114 0.6647632817710719 31
1744337775496 0.665169178330684 32
1744337867539 0.6867966735579676 33
1744337959515 0.68337305961934 34
1744338051556 0.6671335734200178 35
1744338143692 0.6948387389638576 36
1744338235668 0.6645558367862489 37
1744338327686 0.6794129099952018 38
1744338419648 0.6903186478628501 39
1744338511609 0.6950310723146278 40
1744338603532 0.7006625838284668 41
1744338695493 0.6837567046116914 42
1744338787256 0.6520903849482257 43
1744338879069 0.7001072381116488 44
1744338971277 0.6962317840232669 45
1744339063243 0.7000097558378618 46
1744339155202 0.687798476636611 47
1744339247273 0.6892161237907894 48
1744339337864 0.6648022643430955 49
1744339428597 0.6915710881513967 50
1744339519352 0.684407651063624 51
1744339610005 0.6946259893989559 52
1744339701051 0.6925449831037139 53
1744339791568 0.6890877133389268 54
1744339882212 0.6898234169715084 55
1744339972909 0.6903716178939111 56
1744340063557 0.7034762281127341 57
1744340154476 0.6724885579463084 58
1744340245084 0.6967395997154007 59
1744340335602 0.6892295990544492 60
1744340426150 0.7102766953599362 61
1744340516881 0.6904824291551763 62
1744340607706 0.6881551441549026 63
1744340698737 0.6891094447356148 64
1744340789418 0.6986955046145527 65
1744340879962 0.7027119583320134 66
1744340970552 0.6756816388849445 67
1744341061261 0.6845805152193206 68
1744341152026 0.6923165957724693 69
1744341242722 0.7147883593783784 70
1744341333320 0.6998408852325337 71
1744341423923 0.6910762543719828 72
1744341514555 0.687860292337092 73
1744341605196 0.7039716634861135 74
1744341695762 0.7181753449411867 75
1744341786771 0.6989580515256311 76
1744341877590 0.695706049141911 77
1744341968139 0.7026226784180813 78
1744342058280 0.7045655457461477 79
1744342145452 0.7067694895797807 80
1744342232389 0.7028215267173937 81
1744342319828 0.6778605885444401 82
1744342410263 0.6764371346381216 83
1744342498727 0.7072776479915415 84
1744342585695 0.7087091792314821 85
1744342672731 0.7006410718894028 86
1744342761081 0.7182093255146794 87
1744342851669 0.6805454832360924 88
1744342942396 0.6915854296701308 89
1744343032566 0.6642806171033436 90
1744343119721 0.658990066400254 91
1744343206845 0.6755910100719952 92
1744343297132 0.7025006471848315 93
1744343387153 0.6689570532232052 94
1744343476843 0.6772595140153771 95
1744343567881 0.7043159133559902 96
1744343659065 0.6894155258156388 97
1744343750214 0.7012999905386518 98
1744343841260 0.7032689947462698 99
1744343932485 0.7015722459147172 100
1744344023984 0.7115891088959312 101
1744344115140 0.6748738641810562 102
1744344206451 0.7047421973198525 103
1744344297429 0.6854161310955305 104
1744344388716 0.6764380591390086 105
1744344480080 0.6899125101079174 106
1744344571124 0.6750919868934854 107
1744344661483 0.6999305520376928 108
1744344751044 0.6786871414629119 109
1744344838550 0.7069121275895387 110
1744344925728 0.6812558007919259 111
1744345012905 0.7038160206194377 112
1744345100130 0.7097279664432573 113
1744345187119 0.6751030529579349 114
1744345273990 0.7111411908800997 115
1744345360928 0.689556906790384 116
1744345447906 0.7029949067538365 117
1744345534738 0.6696280777843071 118
1744345623242 0.6973180653843764 119
1744345710041 0.7119168603342819 120
1744345799199 0.7086859237696937 121
