1744334850106 0.26384026179504444 0
1744334939888 0.3447503451964303 1
1744335031026 0.37438848338406006 2
1744335122700 0.36976762049093526 3
1744335213172 0.3644964593444125 4
1744335303821 0.38854637726368163 5
1744335394334 0.46352827893056014 6
1744335485094 0.451281185987223 7
1744335575914 0.45234427033672037 8
1744335666999 0.472133619762687 9
1744335758944 0.493033014504599 10
1744335850071 0.4538129057228541 11
1744335941914 0.49578320645570834 12
1744336033747 0.5022976759509203 13
1744336125301 0.487597741009172 14
1744336216603 0.48126887760992504 15
1744336308016 0.47547194565263323 16
1744336399684 0.5153163923158982 17
1744336490957 0.5217494313334721 18
1744336581791 0.4887354060201672 19
1744336674575 0.5011008193201655 20
1744336765653 0.5262805395508471 21
1744336855624 0.5198535906193783 22
1744336945499 0.501086016754683 23
1744337038341 0.5247973884590558 24
1744337130481 0.5252925131254095 25
1744337222608 0.5149437290625937 26
1744337315075 0.5145496574454044 27
1744337407420 0.5152961107234433 28
1744337499516 0.5094290496588991 29
1744337591487 0.5249633387330878 30
1744337683116 0.4988940730715562 31
1744337775499 0.49953260255551996 32
1744337867542 0.5239507761026487 33
1744337959518 0.5200441908102101 34
1744338051562 0.5013991021569271 35
1744338143694 0.533394759839482 36
1744338235671 0.4987366499738005 37
1744338327688 0.5154153853340123 38
1744338419650 0.5281100558540066 39
1744338511611 0.5335380934513677 40
1744338603535 0.5403002238717441 41
1744338695496 0.5204552606356013 42
1744338787258 0.48478131780308237 43
1744338879074 0.5395293011247192 44
1744338971279 0.5350616641587433 45
1744339063249 0.5394866806183058 46
1744339155204 0.5250761025315182 47
1744339247277 0.5267950064476582 48
1744339337866 0.4989214280758616 49
1744339428599 0.5296577611194705 50
1744339519354 0.5211100137644189 51
1744339610010 0.5332021197527931 52
1744339701054 0.5308346308587215 53
1744339791571 0.5265598662853005 54
1744339882214 0.5274559344342443 55
1744339972912 0.5281000989669108 56
1744340063562 0.5436389079442202 57
1744340154478 0.5076421834604912 58
1744340245086 0.5355960128951003 59
1744340335604 0.5266514518003519 60
1744340426152 0.5517795848837401 61
1744340516883 0.5284142446711381 62
1744340607709 0.5256361960863899 63
1744340698740 0.5267075541987992 64
1744340789423 0.5379280122978352 65
1744340879965 0.5426927118155391 66
1744340970555 0.5111542497624257 67
1744341061263 0.5213801932594332 68
1744341152029 0.530441173129117 69
1744341242725 0.5572664899589044 70
1744341333322 0.5393442490505899 71
1744341423925 0.5287632179313435 72
1744341514558 0.5250127548850276 73
1744341605198 0.5439432489736833 74
1744341695764 0.5611789639667762 75
1744341786773 0.5380481444300272 76
1744341877592 0.5343193075091027 77
1744341968141 0.5425341144730527 78
1744342058282 0.5448126297883188 79
1744342145454 0.5475253052360377 80
1744342232391 0.5427154332429316 81
1744342319830 0.5134959412862148 82
1744342410266 0.5119331925106946 83
1744342498729 0.5480750988292062 84
1744342585697 0.5497576854089148 85
1744342672733 0.5401284262259473 86
1744342761083 0.5613432350277756 87
1744342851671 0.5166172690530169 88
1744342942398 0.5294942649595941 89
1744343032568 0.49826485051235814 90
1744343119723 0.4922336153177979 91
1744343206847 0.5110757236238562 92
1744343297135 0.542416047336643 93
1744343387155 0.5033739818336558 94
1744343476845 0.5127782934463196 95
1744343567884 0.5446103554988665 96
1744343659068 0.526815607089179 97
1744343750217 0.5409189845381215 98
1744343841262 0.5433459050441973 99
1744343932487 0.5412295481937328 100
1744344023986 0.5531930863040702 101
1744344115143 0.5100535514249537 102
1744344206454 0.5449417615275186 103
1744344297431 0.5222660851020843 104
1744344388716 0.511847013975418 105
1744344480082 0.5275680112520366 106
1744344571126 0.5102715409604401 107
1744344661489 0.5391843856799781 108
1744344751044 0.5143549549333924 109
1744344838552 0.5475851020325231 110
1744344925730 0.5174134141627251 111
1744345012908 0.5439340175377184 112
1744345100132 0.5509618485999664 113
1744345187121 0.5104713430750435 114
1744345273992 0.5526300354570313 115
1744345360930 0.5270229855049031 116
1744345447909 0.5429031783144279 117
1744345534740 0.5042533428590151 118
1744345623244 0.5361455702833955 119
1744345710043 0.5535402633859432 120
1744345799201 0.5496088483884416 121
