1744334759469 1.6465966701507568 1
1744334760610 1.5901634693145752 2
1744334761626 1.5597871541976929 3
1744334762578 1.5360314846038818 4
1744334763574 1.513197898864746 5
1744334764595 1.496994972229004 6
1744334765581 1.4682673215866089 7
1744334766595 1.4496886730194092 8
1744334767544 1.4401271343231201 9
1744334768516 1.4364807605743408 10
1744334769508 1.405530333518982 11
1744334770453 1.4088075160980225 12
1744334771474 1.4078621864318848 13
1744334772453 1.4065101146697998 14
1744334773391 1.364287257194519 15
1744334774390 1.3670368194580078 16
1744334775360 1.3920714855194092 17
1744334776340 1.3514455556869507 18
1744334777281 1.3444006443023682 19
1744334778283 1.362894892692566 20
1744334779266 1.3599462509155273 21
1744334780249 1.3534531593322754 22
1744334781218 1.330381155014038 23
1744334782171 1.3243112564086914 24
1744334783156 1.3178664445877075 25
1744334784157 1.3238346576690674 26
1744334785109 1.3085392713546753 27
1744334786095 1.2969293594360352 28
1744334787063 1.3176556825637817 29
1744334787988 1.2915257215499878 30
1744334788981 1.289507508277893 31
1744334789993 1.2952802181243896 32
1744334790954 1.291691780090332 33
1744334791953 1.288999080657959 34
1744334792953 1.2526264190673828 35
1744334793922 1.2727916240692139 36
1744334794968 1.2740715742111206 37
1744334795952 1.2667057514190674 38
1744334796982 1.2627274990081787 39
1744334797986 1.2624170780181885 40
1744334798906 1.2402180433273315 41
1744334799857 1.2735573053359985 42
1744334800794 1.2176507711410522 43
1744334801770 1.2526746988296509 44
1744334802708 1.2337303161621094 45
1744334803700 1.215800166130066 46
1744334804653 1.2367253303527832 47
1744334805607 1.225407361984253 48
1744334806576 1.1985564231872559 49
1744334807562 1.1922780275344849 50
1744334808510 1.1891586780548096 51
1744334809528 1.1956441402435303 52
1744334810530 1.1856114864349365 53
1744334811531 1.2121355533599854 54
1744334812500 1.1988717317581177 55
1744334813498 1.2172609567642212 56
1744334814484 1.2024000883102417 57
1744334815512 1.218854308128357 58
1744334816517 1.1649081707000732 59
1744334817500 1.178215742111206 60
1744334818499 1.1696360111236572 61
1744334819470 1.1714859008789062 62
1744334820486 1.1900615692138672 63
1744334821479 1.1677894592285156 64
1744334822484 1.1727726459503174 65
1744334823528 1.175994634628296 66
1744334824542 1.179485559463501 67
1744334825561 1.1857833862304688 68
1744334826575 1.1692664623260498 69
1744334827570 1.1426708698272705 70
1744334828578 1.1430447101593018 71
1744334829581 1.1420249938964844 72
1744334830590 1.1455442905426025 73
1744334831592 1.1418019533157349 74
1744334832641 1.1600141525268555 75
1744334833657 1.1218976974487305 76
1744334834687 1.1606547832489014 77
1744334835731 1.1425187587738037 78
1744334836790 1.1373432874679565 79
1744334837813 1.1401556730270386 80
1744334838859 1.145747184753418 81
1744334839841 1.0989247560501099 82
1744334840876 1.1255238056182861 83
1744334841547 1.0787996053695679 84
1744334850717 1.078162431716919 13
1744334851718 1.0896810293197632 14
1744334852751 1.0824289321899414 15
1744334853798 1.1228471994400024 16
1744334854798 1.090844750404358 17
1744334855828 1.1221119165420532 18
1744334856860 1.1161024570465088 19
1744334857869 1.077465295791626 20
1744334858892 1.1493550539016724 21
1744334859938 1.1326252222061157 22
1744334860985 1.1214616298675537 23
1744334862029 1.082353949546814 24
1744334863078 1.0775947570800781 25
1744334864046 1.1085087060928345 26
1744334865032 1.0918985605239868 27
1744334866030 1.108036994934082 28
1744334866996 1.0973050594329834 29
1744334867996 1.100095510482788 30
1744334868942 1.0915217399597168 31
1744334869917 1.097325325012207 32
1744334870851 1.1002060174942017 33
1744334871789 1.085538387298584 34
1744334872763 1.0527522563934326 35
1744334873706 1.0805957317352295 36
1744334874703 1.0810554027557373 37
1744334875674 1.0680192708969116 38
1744334876669 1.1014670133590698 39
1744334877619 1.093456745147705 40
1744334878609 1.1009747982025146 41
1744334879686 1.104081392288208 42
1744334880731 1.057058572769165 43
1744334881725 1.077591061592102 44
1744334882737 1.122694969177246 45
1744334883732 1.0750751495361328 46
1744334884704 1.0360000133514404 47
1744334885672 1.0739134550094604 48
1744334886673 1.0865089893341064 49
1744334887668 1.0558412075042725 50
1744334888615 1.0260815620422363 51
1744334889579 1.0482780933380127 52
1744334890514 1.0403887033462524 53
1744334891450 1.0535693168640137 54
1744334892379 1.06825852394104 55
1744334893345 1.0329533815383911 56
1744334894298 1.0644810199737549 57
1744334895239 1.0751370191574097 58
1744334896201 1.0050114393234253 59
1744334897148 1.0818811655044556 60
1744334898087 1.0709112882614136 61
1744334899020 1.0473651885986328 62
1744334899964 1.022530436515808 63
1744334900904 1.0503709316253662 64
1744334901853 1.0028977394104004 65
1744334902828 1.046692132949829 66
1744334903767 1.0478191375732422 67
1744334904719 1.0507745742797852 68
1744334905677 1.061063289642334 69
1744334906622 1.032503604888916 70
1744334907540 1.0462406873703003 71
1744334908501 0.9941988587379456 72
1744334909446 1.0539242029190063 73
1744334910385 1.0108983516693115 74
1744334911349 1.0078574419021606 75
1744334912339 1.0567195415496826 76
1744334913309 1.0388222932815552 77
1744334914285 1.0184839963912964 78
1744334915258 0.9922034740447998 79
1744334916200 1.089035153388977 80
1744334917185 1.0390464067459106 81
1744334918149 1.03937828540802 82
1744334919114 1.0314124822616577 83
1744334920079 1.0198564529418945 84
1744334921021 1.0264368057250977 85
1744334922005 1.0256811380386353 86
1744334922955 1.0297094583511353 87
1744334923909 1.0568230152130127 88
1744334924848 1.0525074005126953 89
1744334925819 1.0573039054870605 90
1744334926764 1.0066012144088745 91
1744334927687 1.0001237392425537 92
1744334928681 1.0265443325042725 93
1744334929660 1.0464353561401367 94
1744334930650 0.987046480178833 95
1744334931313 1.0028024911880493 96
1744334940435 1.0367615222930908 25
1744334941434 0.9235402345657349 26
1744334942436 1.009456992149353 27
1744334943423 0.9945183396339417 28
1744334944406 0.9872608780860901 29
1744334945419 1.037628412246704 30
1744334946388 1.0282870531082153 31
1744334947392 1.0062612295150757 32
1744334948321 0.9809768795967102 33
1744334949278 0.9804495573043823 34
1744334950257 0.9834964275360107 35
1744334951232 0.9710745811462402 36
1744334952225 1.0614793300628662 37
1744334953233 0.9976868033409119 38
1744334954244 0.9939073324203491 39
1744334955237 1.013787865638733 40
1744334956261 1.0114388465881348 41
1744334957275 0.9966170787811279 42
1744334958281 0.9776092767715454 43
1744334959290 1.0072160959243774 44
1744334960299 1.0029956102371216 45
1744334961321 1.000828742980957 46
1744334962328 1.001883625984192 47
1744334963301 1.0045526027679443 48
1744334964302 1.0001356601715088 49
1744334965281 0.9834308624267578 50
1744334966317 0.9482933282852173 51
1744334967312 0.9726492762565613 52
1744334968301 1.0375580787658691 53
1744334969255 0.9917724132537842 54
1744334970252 0.9724941253662109 55
1744334971257 0.9974246621131897 56
1744334972245 1.007690191268921 57
1744334973240 0.9791420102119446 58
1744334974243 1.007636547088623 59
1744334975247 1.0076578855514526 60
1744334976291 0.9664189219474792 61
1744334977245 0.9856047034263611 62
1744334978218 0.9820690155029297 63
1744334979222 0.9178272485733032 64
1744334980243 0.9474857449531555 65
1744334981201 0.9775997400283813 66
1744334982177 0.9952245950698853 67
1744334983206 0.9862431883811951 68
1744334984196 1.001146674156189 69
1744334985189 0.9765052795410156 70
1744334986184 0.9690638780593872 71
1744334987143 1.008650779724121 72
1744334988092 0.9478504061698914 73
1744334989053 0.9827811121940613 74
1744334990045 0.9720708727836609 75
1744334991050 0.9552351832389832 76
1744334992049 0.9774318933486938 77
1744334993044 0.9989113211631775 78
1744334994039 0.9957297444343567 79
1744334995040 0.968942403793335 80
1744334996019 0.950505256652832 81
1744334997013 0.9559541940689087 82
1744334998009 0.9890339970588684 83
1744334999000 0.9313288331031799 84
1744335000001 0.9954147338867188 85
1744335000992 0.9482372999191284 86
1744335001986 0.9629470109939575 87
1744335002985 0.933678150177002 88
1744335003964 0.9437258243560791 89
1744335004955 0.9601569175720215 90
1744335005944 0.9127437472343445 91
1744335006956 0.9822424054145813 92
1744335007971 0.9524850845336914 93
1744335008978 0.9286526441574097 94
1744335009987 0.9876930713653564 95
1744335010997 0.96498042345047 96
1744335011984 0.921141505241394 97
1744335012947 0.9774011373519897 98
1744335013943 0.9613205194473267 99
1744335014931 0.9447004199028015 100
1744335015925 0.9695302248001099 101
1744335016938 0.9398621916770935 102
1744335017939 0.947806715965271 103
1744335018932 0.9695780277252197 104
1744335019922 0.927725076675415 105
1744335020937 0.9338544011116028 106
1744335021935 0.9569454193115234 107
1744335022589 0.9996569156646729 108
1744335031603 0.9691901803016663 37
1744335032595 0.9281610250473022 38
1744335033568 0.9042423367500305 39
1744335034562 0.8994201421737671 40
1744335035559 0.9301249980926514 41
1744335036564 0.9282345771789551 42
1744335037575 0.9569487571716309 43
1744335038599 0.9821778535842896 44
1744335039596 0.9079843759536743 45
1744335040594 0.9097892045974731 46
1744335041605 0.9389837980270386 47
1744335042606 0.8981295824050903 48
1744335043598 0.8980550169944763 49
1744335044597 0.9374344944953918 50
1744335045580 0.9118034839630127 51
1744335046604 0.9369374513626099 52
1744335047578 0.9241562485694885 53
1744335048559 0.9121023416519165 54
1744335049563 0.9188915491104126 55
1744335050563 0.9068228006362915 56
1744335051568 0.9380382299423218 57
1744335052550 0.9627653360366821 58
1744335053589 0.9382330179214478 59
1744335054587 0.9436361193656921 60
1744335055582 0.9843164682388306 61
1744335056548 0.9389550089836121 62
1744335057535 0.9270034432411194 63
1744335058513 0.899216890335083 64
1744335059514 0.972813606262207 65
1744335060524 0.918093204498291 66
1744335061539 0.851022481918335 67
1744335062559 0.8898504376411438 68
1744335063563 0.8844136595726013 69
1744335064611 0.9325408339500427 70
1744335065610 0.9426880478858948 71
1744335066658 0.8472552299499512 72
1744335067702 0.9584848284721375 73
1744335068719 0.9529324769973755 74
1744335069720 0.8774478435516357 75
1744335070686 0.9090330600738525 76
1744335071674 0.9615815877914429 77
1744335072641 0.9565541744232178 78
1744335073639 0.9273891448974609 79
1744335074609 0.8939242362976074 80
1744335075645 0.8882663249969482 81
1744335076646 0.9246454238891602 82
1744335077624 0.9210413098335266 83
1744335078604 0.9028604030609131 84
1744335079622 0.8958606719970703 85
1744335080657 0.9361388087272644 86
1744335081684 0.8976192474365234 87
1744335082717 0.9185034036636353 88
1744335083759 0.9417721033096313 89
1744335084732 0.9458836913108826 90
1744335085797 0.847793698310852 91
1744335086809 0.9214938282966614 92
