1744316493106 0.5943660736083984 1
1744316494338 0.5574294328689575 2
1744316495358 0.5338900685310364 3
1744316496374 0.5219089984893799 4
1744316497395 0.5051973462104797 5
1744316498392 0.4973504841327667 6
1744316499375 0.48313257098197937 7
1744316500406 0.47717347741127014 8
1744316501471 0.4693123996257782 9
1744316502538 0.46169164776802063 10
1744316503574 0.45423904061317444 11
1744316504553 0.446764200925827 12
1744316505582 0.44538015127182007 13
1744316506657 0.44033709168434143 14
1744316507709 0.4315977394580841 15
1744316508732 0.4259374439716339 16
1744316509752 0.4216986894607544 17
1744316510828 0.42133331298828125 18
1744316511873 0.4219849407672882 19
1744316512931 0.414291650056839 20
1744316513984 0.41069069504737854 21
1744316515028 0.4065415561199188 22
1744316516078 0.4032799303531647 23
1744316517175 0.40093109011650085 24
1744316518234 0.4017479121685028 25
1744316519283 0.39838722348213196 26
1744316520345 0.4000016450881958 27
1744316521419 0.3970794081687927 28
1744316522484 0.3965025246143341 29
1744316523512 0.39023357629776 30
1744316524577 0.3876708149909973 31
1744316525656 0.3875620365142822 32
1744316526700 0.38740941882133484 33
1744316527763 0.3845909833908081 34
1744316528794 0.38324451446533203 35
1744316529866 0.3789764940738678 36
1744316530891 0.38474908471107483 37
1744316531921 0.37860098481178284 38
1744316532969 0.37534841895103455 39
1744316534031 0.37363865971565247 40
1744316535106 0.3708348870277405 41
1744316536154 0.3717716634273529 42
1744316537157 0.37208956480026245 43
1744316538219 0.3694939911365509 44
1744316539233 0.37065353989601135 45
1744316540286 0.36769500374794006 46
1744316541343 0.36843356490135193 47
1744316542421 0.37030699849128723 48
1744316543469 0.3639037311077118 49
1744316544484 0.3766901195049286 50
1744316545547 0.3667265772819519 51
1744316546589 0.36478227376937866 52
1744316547655 0.36291494965553284 53
1744316548706 0.36493736505508423 54
1744316549719 0.36933913826942444 55
1744316550549 0.3633112609386444 56
1744316560406 0.3641773760318756 19
1744316561500 0.36465516686439514 20
1744316562546 0.35736072063446045 21
1744316563585 0.35869768261909485 22
1744316564661 0.35398557782173157 23
1744316565677 0.35953018069267273 24
1744316566762 0.3594661056995392 25
1744316567800 0.3577728271484375 26
1744316568844 0.35825157165527344 27
1744316569918 0.35846683382987976 28
1744316570922 0.3568015396595001 29
1744316571969 0.3523574471473694 30
1744316573046 0.3487505614757538 31
1744316574106 0.35341355204582214 32
1744316575156 0.34764352440834045 33
1744316576234 0.35007205605506897 34
1744316577265 0.35556283593177795 35
1744316578265 0.35289454460144043 36
1744316579328 0.3491770923137665 37
1744316580359 0.35064420104026794 38
1744316581468 0.3492005169391632 39
1744316582511 0.34783950448036194 40
1744316583569 0.3444925844669342 41
1744316584602 0.3465585708618164 42
1744316585703 0.3417961895465851 43
1744316586798 0.34506431221961975 44
1744316587795 0.34638330340385437 45
1744316588865 0.3482576906681061 46
1744316589960 0.3421896994113922 47
1744316591034 0.34536710381507874 48
1744316592077 0.3483326733112335 49
1744316593186 0.3422884941101074 50
1744316594265 0.33867111802101135 51
1744316595329 0.3381352424621582 52
1744316596392 0.33745819330215454 53
1744316597437 0.34052616357803345 54
1744316598547 0.33900922536849976 55
1744316599642 0.3417586386203766 56
1744316600640 0.3355254828929901 57
1744316601657 0.3371686041355133 58
1744316602703 0.3407288193702698 59
1744316603765 0.3340296745300293 60
1744316604812 0.33385348320007324 61
1744316605844 0.3367306888103485 62
1744316606906 0.3346099257469177 63
1744316607969 0.33222365379333496 64
1744316609044 0.33432164788246155 65
1744316610094 0.3330162465572357 66
1744316611137 0.33263057470321655 67
1744316612174 0.3295302987098694 68
1744316613268 0.3312855362892151 69
1744316614312 0.3277677595615387 70
1744316615359 0.33080846071243286 71
1744316616423 0.3326624929904938 72
1744316617484 0.33387401700019836 73
1744316618282 0.3356549143791199 74
1744316628262 0.33136263489723206 37
1744316629328 0.3298132121562958 38
1744316630405 0.3265710175037384 39
1744316631437 0.3265564739704132 40
1744316632484 0.329829603433609 41
1744316633564 0.32817167043685913 42
1744316634641 0.3308584988117218 43
1744316635734 0.3257365822792053 44
1744316636830 0.3265122175216675 45
1744316637859 0.324035108089447 46
1744316638907 0.3226415812969208 47
1744316639952 0.322822630405426 48
1744316641000 0.32348737120628357 49
1744316642046 0.3200966417789459 50
1744316643093 0.32387062907218933 51
1744316644169 0.326730877161026 52
1744316645156 0.3277888298034668 53
1744316646187 0.3235388398170471 54
1744316647234 0.3264836072921753 55
1744316648313 0.3214710056781769 56
1744316649391 0.32222235202789307 57
1744316650485 0.3257386386394501 58
1744316651514 0.32222169637680054 59
1744316652563 0.3243299424648285 60
1744316653637 0.3267922103404999 61
1744316654704 0.3209153115749359 62
1744316655812 0.32491806149482727 63
1744316656891 0.3272804617881775 64
1744316657985 0.32438182830810547 65
1744316659032 0.3182038366794586 66
1744316660110 0.31324639916419983 67
1744316661156 0.31515851616859436 68
1744316662172 0.3169785439968109 69
1744316663234 0.3140782415866852 70
1744316664250 0.3181019425392151 71
1744316665296 0.3173888623714447 72
1744316666390 0.3158254027366638 73
1744316667469 0.31397008895874023 74
1744316668548 0.3127383291721344 75
1744316669593 0.30996641516685486 76
1744316670719 0.3160744905471802 77
1744316671734 0.3164078891277313 78
1744316672797 0.31241336464881897 79
1744316673869 0.31653743982315063 80
1744316674935 0.31321948766708374 81
1744316676013 0.3129955530166626 82
1744316677094 0.3106412887573242 83
1744316678203 0.31324663758277893 84
1744316679265 0.3106147348880768 85
1744316680366 0.31137022376060486 86
1744316681417 0.31645217537879944 87
1744316682454 0.31341981887817383 88
1744316683529 0.3101797103881836 89
1744316684608 0.3100132644176483 90
1744316685718 0.31304672360420227 91
1744316686532 0.31397172808647156 92
1744316696592 0.31095001101493835 55
1744316697687 0.31150251626968384 56
1744316698765 0.3124629557132721 57
1744316699858 0.3071112632751465 58
1744316700938 0.30546310544013977 59
1744316701999 0.3055788576602936 60
1744316703078 0.3064637780189514 61
1744316704078 0.30810967087745667 62
1744316705140 0.3061811625957489 63
1744316706262 0.30403226613998413 64
1744316707312 0.3150038421154022 65
1744316708391 0.3062303960323334 66
1744316709424 0.3113369047641754 67
1744316710484 0.3012504577636719 68
1744316711517 0.29958003759384155 69
1744316712579 0.30488914251327515 70
1744316713672 0.3055955171585083 71
1744316714703 0.30343976616859436 72
1744316715782 0.30070585012435913 73
1744316716890 0.30099889636039734 74
1744316717938 0.29887762665748596 75
1744316718981 0.30202537775039673 76
1744316720064 0.30800357460975647 77
1744316721108 0.3017469048500061 78
1744316722170 0.301038920879364 79
1744316723223 0.29883578419685364 80
1744316724282 0.3040284216403961 81
1744316725375 0.29906755685806274 82
1744316726406 0.3007899820804596 83
1744316727483 0.3039643168449402 84
1744316728499 0.30025720596313477 85
1744316729577 0.297324538230896 86
1744316730625 0.3011944591999054 87
1744316731640 0.2924281358718872 88
1744316732749 0.29998770356178284 89
1744316733812 0.2946542203426361 90
1744316734860 0.29496803879737854 91
1744316735905 0.2987488806247711 92
1744316736921 0.2947589159011841 93
1744316737983 0.2935844361782074 94
1744316739093 0.29421234130859375 95
1744316740171 0.2916637063026428 96
1744316741219 0.29351532459259033 97
1744316742265 0.29800841212272644 98
1744316743343 0.29702645540237427 99
1744316744406 0.29044654965400696 100
1744316745485 0.2950729429721832 101
1744316746580 0.2900557518005371 102
1744316747625 0.29024016857147217 103
1744316748669 0.28997668623924255 104
1744316749783 0.29807791113853455 105
1744316750876 0.2896145284175873 106
1744316751955 0.2887202203273773 107
1744316752981 0.2929936647415161 108
1744316754046 0.2875330150127411 109
1744316754859 0.2885526120662689 110
1744316764796 0.2874823212623596 73
1744316765922 0.289954274892807 74
1744316767032 0.28917375206947327 75
1744316768110 0.2901995778083801 76
1744316769187 0.2857993543148041 77
1744316770280 0.29004940390586853 78
1744316771360 0.28922009468078613 79
1744316772453 0.28346967697143555 80
1744316773562 0.2866683602333069 81
1744316774672 0.2841748297214508 82
1744316775720 0.28665176033973694 83
1744316776750 0.28220224380493164 84
1744316777749 0.2817826271057129 85
1744316778812 0.2837701737880707 86
1744316779844 0.2835274338722229 87
1744316780874 0.2845798432826996 88
1744316781906 0.28538861870765686 89
1744316782986 0.28649377822875977 90
1744316784031 0.28458625078201294 91
1744316785073 0.28608381748199463 92
1744316786140 0.2894904911518097 93
1744316787172 0.28583407402038574 94
1744316788263 0.28097227215766907 95
1744316789325 0.28193655610084534 96
1744316790356 0.283111572265625 97
1744316791468 0.28436151146888733 98
1744316792505 0.2812311351299286 99
1744316793531 0.2782374918460846 100
1744316794578 0.28153282403945923 101
1744316795593 0.27912214398384094 102
1744316796609 0.2780652642250061 103
1744316797611 0.2791185975074768 104
1744316798639 0.283719003200531 105
1744316799671 0.2836178243160248 106
1744316800700 0.27508413791656494 107
1744316801686 0.2795601487159729 108
1744316802702 0.2758616507053375 109
1744316803734 0.27623263001441956 110
1744316804733 0.277357816696167 111
1744316805828 0.2821553349494934 112
1744316806858 0.2754303216934204 113
1744316807889 0.27837491035461426 114
1744316808921 0.2782878577709198 115
1744316809907 0.27751636505126953 116
1744316810938 0.2736990749835968 117
1744316811999 0.27447524666786194 118
1744316812968 0.27305343747138977 119
1744316813984 0.2755601704120636 120
1744316815015 0.27683186531066895 121
1744316816062 0.2794927656650543 122
1744316817109 0.28032663464546204 123
1744316818093 0.27680322527885437 124
1744316819078 0.2743377089500427 125
1744316820062 0.2759365439414978 126
1744316821094 0.27907049655914307 127
1744316821876 0.26973673701286316 128
1744316831623 0.2704228162765503 91
1744316832640 0.2772805988788605 92
1744316833702 0.2755010426044464 93
1744316834750 0.27319589257240295 94
1744316835795 0.2709493339061737 95
1744316836858 0.2686554193496704 96
1744316837921 0.27620187401771545 97
